45302
45314
45322
45325
45327
45329
45340
45341
45351
45354
45355
45357
45358
45361
45362
45363
45366
45367
45369
45371
45372
45373
45374
45375
45376
45377
45378
45379
45381
45382
45383
45384
45385
45386
45387
45388
45389
45390
45391
45392
45393
45394
45395
45396
45397
45399
45400
45401
45402
45403
45404
45405
45406
45407
45408
45410
45411
45412
45413
45414
45416
45417
45418
45419
45420
45421
45422
45424
45426
45427
45428
45429
45430
45431
45432
45433
45434
45435
45436
45437
45438
45439
45440
45441
45442
45443
45444
45445
45446
45447
45448
45449
45450
45451
45452
45453
45454
45455
45457
45458
45459
45460
45461
45463
45464
45465
45466
45467
45468
45469
45470
45471
45472
45473
45474
45475
45476
45478
45479
45480
45481
45482
45484
45485
45486
45487
45488
45489
45490
45491
45492
45493
45494
45495
45496
45497
45499
45500
45501
45502
45503
45504
45505
45506
45508
45509
45510
45511
45512
45513
45516
45517
45518
45519
45522
45523
45524
45525
45526
45527
45528
45529
45530
45532
45534
45535
45536
45537
45539
45540
45541
45542
45543
45544
45545
45546
45547
45548
45549
45550
45551
45552
45553
45554
45555
45556
45557
45558
45559
45560
45561
45562
45563
45564
45565
45566
45567
45568
45572
45582
45583
45585
45586
45606
45608
45611
45616
45619
45623
45626
45627
45628
45629
45634
45635
45636
45638
45639
45640
45641
45642
45643
45645
45647
45650
45651
45652
45653
45654
45655
45657
45658
45659
45660
45661
45663
45664
45665
45666
45667
45668
45669
45670
45671
45672
45673
45674
45675
45676
45677
45678
45679
45680
45682
45683
45684
45685
45687
45688
45707
45708
45711
45712
45714
45715
45717
45719
45720
45724
45725
45727
45728
45729
45730
45732
45736
45744
45745
45746
45753
45754
45757
45759
45760
45761
45762
45764
45765
45768
45769
45770
45789
45795
45801
45802
45807
45808
45809
45824
45826
45834
45835
45836
45837
45854
45860
45861
45863
45871
45873
45875
45878
45879
45881
45882
45887
45889
45894
45895
45897
45902
45904
45909
45910
45911
45914
45915
45916
45920
45922
45923
45924
45929
45931
45932
45934
45935
45938
45940
45941
45945
45946
45947
45948
45949
45950
45951
45953
45954
45955
45960
45962
45963
45965
45967
45968
45972
45973
45975
45976
45978
45979
45980
45981
45982
45983
4598545302
45314
45322
45325
45327
45329
45340
45341
45351
45354
45355
45357
45358
45361
45362
45363
45366
45367
45369
45371
45372
45373
45374
45375
45376
45377
45378
45379
45381
45382
45383
45384
45385
45386
45387
45388
45389
45390
45391
45392
45393
45394
45395
45396
45397
45399
45400
45401
45402
45403
45404
45405
45406
45407
45408
45410
45411
45412
45413
45414
45416
45417
45418
45419
45420
45421
45422
45424
45426
45427
45428
45429
45430
45431
45432
45433
45434
45435
45436
45437
45438
45439
45440
45441
45442
45443
45444
45445
45446
45447
45448
45449
45450
45451
45452
45453
45454
45455
45457
45458
45459
45460
45461
45463
45464
45465
45466
45467
45468
45469
45470
45471
45472
45473
45474
45475
45476
45478
45479
45480
45481
45482
45484
45485
45486
45487
45488
45489
45490
45491
45492
45493
45494
45495
45496
45497
45499
45500
45501
45502
45503
45504
45505
45506
45508
45509
45510
45511
45512
45513
45516
45517
45518
45519
45522
45523
45524
45525
45526
45527
45528
45529
45530
45532
45534
45535
45536
45537
45539
45540
45541
45542
45543
45544
45545
45546
45547
45548
45549
45550
45551
45552
45553
45554
45555
45556
45557
45558
45559
45560
45561
45562
45563
45564
45565
45566
45567
45568
45572
45582
45583
45585
45586
45606
45608
45611
45616
45619
45623
45626
45627
45628
45629
45634
45635
45636
45638
45639
45640
45641
45642
45643
45645
45647
45650
45651
45652
45653
45654
45655
45657
45658
45659
45660
45661
45663
45664
45665
45666
45667
45668
45669
45670
45671
45672
45673
45674
45675
45676
45677
45678
45679
45680
45682
45683
45684
45685
45687
45688
45707
45708
45711
45712
45714
45715
45717
45719
45720
45724
45725
45727
45728
45729
45730
45732
45736
45744
45745
45746
45753
45754
45757
45759
45760
45761
45762
45764
45765
45768
45769
45770
45789
45795
45801
45802
45807
45808
45809
45824
45826
45834
45835
45836
45837
45854
45860
45861
45863
45871
45873
45875
45878
45879
45881
45882
45887
45889
45894
45895
45897
45902
45904
45909
45910
45911
45914
45915
45916
45920
45922
45923
45924
45929
45931
45932
45934
45935
45938
45940
45941
45945
45946
45947
45948
45949
45950
45951
45953
45954
45955
45960
45962
45963
45965
45967
45968
45972
45973
45975
45976
45978
45979
45980
45981
45982
45983
4598545302
45314
45322
45325
45327
45329
45340
45341
45351
45354
45355
45357
45358
45361
45362
45363
45366
45367
45369
45371
45372
45373
45374
45375
45376
45377
45378
45379
45381
45382
45383
45384
45385
45386
45387
45388
45389
45390
45391
45392
45393
45394
45395
45396
45397
45399
45400
45401
45402
45403
45404
45405
45406
45407
45408
45410
45411
45412
45413
45414
45416
45417
45418
45419
45420
45421
45422
45424
45426
45427
45428
45429
45430
45431
45432
45433
45434
45435
45436
45437
45438
45439
45440
45441
45442
45443
45444
45445
45446
45447
45448
45449
45450
45451
45452
45453
45454
45455
45457
45458
45459
45460
45461
45463
45464
45465
45466
45467
45468
45469
45470
45471
45472
45473
45474
45475
45476
45478
45479
45480
45481
45482
45484
45485
45486
45487
45488
45489
45490
45491
45492
45493
45494
45495
45496
45497
45499
45500
45501
45502
45503
45504
45505
45506
45508
45509
45510
45511
45512
45513
45516
45517
45518
45519
45522
45523
45524
45525
45526
45527
45528
45529
45530
45532
45534
45535
45536
45537
45539
45540
45541
45542
45543
45544
45545
45546
45547
45548
45549
45550
45551
45552
45553
45554
45555
45556
45557
45558
45559
45560
45561
45562
45563
45564
45565
45566
45567
45568
45572
45582
45583
45585
45586
45606
45608
45611
45616
45619
45623
45626
45627
45628
45629
45634
45635
45636
45638
45639
45640
45641
45642
45643
45645
45647
45650
45651
45652
45653
45654
45655
45657
45658
45659
45660
45661
45663
45664
45665
45666
45667
45668
45669
45670
45671
45672
45673
45674
45675
45676
45677
45678
45679
45680
45682
45683
45684
45685
45687
45688
45707
45708
45711
45712
45714
45715
45717
45719
45720
45724
45725
45727
45728
45729
45730
45732
45736
45744
45745
45746
45753
45754
45757
45759
45760
45761
45762
45764
45765
45768
45769
45770
45789
45795
45801
45802
45807
45808
45809
45824
45826
45834
45835
45836
45837
45854
45860
45861
45863
45871
45873
45875
45878
45879
45881
45882
45887
45889
45894
45895
45897
45902
45904
45909
45910
45911
45914
45915
45916
45920
45922
45923
45924
45929
45931
45932
45934
45935
45938
45940
45941
45945
45946
45947
45948
45949
45950
45951
45953
45954
45955
45960
45962
45963
45965
45967
45968
45972
45973
45975
45976
45978
45979
45980
45981
45982
45983
4598545302
45314
45322
45325
45327
45329
45340
45341
45351
45354
45355
45357
45358
45361
45362
45363
45366
45367
45369
45371
45372
45373
45374
45375
45376
45377
45378
45379
45381
45382
45383
45384
45385
45386
45387
45388
45389
45390
45391
45392
45393
45394
45395
45396
45397
45399
45400
45401
45402
45403
45404
45405
45406
45407
45408
45410
45411
45412
45413
45414
45416
45417
45418
45419
45420
45421
45422
45424
45426
45427
45428
45429
45430
45431
45432
45433
45434
45435
45436
45437
45438
45439
45440
45441
45442
45443
45444
45445
45446
45447
45448
45449
45450
45451
45452
45453
45454
45455
45457
45458
45459
45460
45461
45463
45464
45465
45466
45467
45468
45469
45470
45471
45472
45473
45474
45475
45476
45478
45479
45480
45481
45482
45484
45485
45486
45487
45488
45489
45490
45491
45492
45493
45494
45495
45496
45497
45499
45500
45501
45502
45503
45504
45505
45506
45508
45509
45510
45511
45512
45513
45516
45517
45518
45519
45522
45523
45524
45525
45526
45527
45528
45529
45530
45532
45534
45535
45536
45537
45539
45540
45541
45542
45543
45544
45545
45546
45547
45548
45549
45550
45551
45552
45553
45554
45555
45556
45557
45558
45559
45560
45561
45562
45563
45564
45565
45566
45567
45568
45572
45582
45583
45585
45586
45606
45608
45611
45616
45619
45623
45626
45627
45628
45629
45634
45635
45636
45638
45639
45640
45641
45642
45643
45645
45647
45650
45651
45652
45653
45654
45655
45657
45658
45659
45660
45661
45663
45664
45665
45666
45667
45668
45669
45670
45671
45672
45673
45674
45675
45676
45677
45678
45679
45680
45682
45683
45684
45685
45687
45688
45707
45708
45711
45712
45714
45715
45717
45719
45720
45724
45725
45727
45728
45729
45730
45732
45736
45744
45745
45746
45753
45754
45757
45759
45760
45761
45762
45764
45765
45768
45769
45770
45789
45795
45801
45802
45807
45808
45809
45824
45826
45834
45835
45836
45837
45854
45860
45861
45863
45871
45873
45875
45878
45879
45881
45882
45887
45889
45894
45895
45897
45902
45904
45909
45910
45911
45914
45915
45916
45920
45922
45923
45924
45929
45931
45932
45934
45935
45938
45940
45941
45945
45946
45947
45948
45949
45950
45951
45953
45954
45955
45960
45962
45963
45965
45967
45968
45972
45973
45975
45976
45978
45979
45980
45981
45982
45983
4598545302
45314
45322
45325
45327
45329
45340
45341
45351
45354
45355
45357
45358
45361
45362
45363
45366
45367
45369
45371
45372
45373
45374
45375
45376
45377
45378
45379
45381
45382
45383
45384
45385
45386
45387
45388
45389
45390
45391
45392
45393
45394
45395
45396
45397
45399
45400
45401
45402
45403
45404
45405
45406
45407
45408
45410
45411
45412
45413
45414
45416
45417
45418
45419
45420
45421
45422
45424
45426
45427
45428
45429
45430
45431
45432
45433
45434
45435
45436
45437
45438
45439
45440
45441
45442
45443
45444
45445
45446
45447
45448
45449
45450
45451
45452
45453
45454
45455
45457
45458
45459
45460
45461
45463
45464
45465
45466
45467
45468
45469
45470
45471
45472
45473
45474
45475
45476
45478
45479
45480
45481
45482
45484
45485
45486
45487
45488
45489
45490
45491
45492
45493
45494
45495
45496
45497
45499
45500
45501
45502
45503
45504
45505
45506
45508
45509
45510
45511
45512
45513
45516
45517
45518
45519
45522
45523
45524
45525
45526
45527
45528
45529
45530
45532
45534
45535
45536
45537
45539
45540
45541
45542
45543
45544
45545
45546
45547
45548
45549
45550
45551
45552
45553
45554
45555
45556
45557
45558
45559
45560
45561
45562
45563
45564
45565
45566
45567
45568
45572
45582
45583
45585
45586
45606
45608
45611
45616
45619
45623
45626
45627
45628
45629
45634
45635
45636
45638
45639
45640
45641
45642
45643
45645
45647
45650
45651
45652
45653
45654
45655
45657
45658
45659
45660
45661
45663
45664
45665
45666
45667
45668
45669
45670
45671
45672
45673
45674
45675
45676
45677
45678
45679
45680
45682
45683
45684
45685
45687
45688
45707
45708
45711
45712
45714
45715
45717
45719
45720
45724
45725
45727
45728
45729
45730
45732
45736
45744
45745
45746
45753
45754
45757
45759
45760
45761
45762
45764
45765
45768
45769
45770
45789
45795
45801
45802
45807
45808
45809
45824
45826
45834
45835
45836
45837
45854
45860
45861
45863
45871
45873
45875
45878
45879
45881
45882
45887
45889
45894
45895
45897
45902
45904
45909
45910
45911
45914
45915
45916
45920
45922
45923
45924
45929
45931
45932
45934
45935
45938
45940
45941
45945
45946
45947
45948
45949
45950
45951
45953
45954
45955
45960
45962
45963
45965
45967
45968
45972
45973
45975
45976
45978
45979
45980
45981
45982
45983
4598545302
45314
45322
45325
45327
45329
45340
45341
45351
45354
45355
45357
45358
45361
45362
45363
45366
45367
45369
45371
45372
45373
45374
45375
45376
45377
45378
45379
45381
45382
45383
45384
45385
45386
45387
45388
45389
45390
45391
45392
45393
45394
45395
45396
45397
45399
45400
45401
45402
45403
45404
45405
45406
45407
45408
45410
45411
45412
45413
45414
45416
45417
45418
45419
45420
45421
45422
45424
45426
45427
45428
45429
45430
45431
45432
45433
45434
45435
45436
45437
45438
45439
45440
45441
45442
45443
45444
45445
45446
45447
45448
45449
45450
45451
45452
45453
45454
45455
45457
45458
45459
45460
45461
45463
45464
45465
45466
45467
45468
45469
45470
45471
45472
45473
45474
45475
45476
45478
45479
45480
45481
45482
45484
45485
45486
45487
45488
45489
45490
45491
45492
45493
45494
45495
45496
45497
45499
45500
45501
45502
45503
45504
45505
45506
45508
45509
45510
45511
45512
45513
45516
45517
45518
45519
45522
45523
45524
45525
45526
45527
45528
45529
45530
45532
45534
45535
45536
45537
45539
45540
45541
45542
45543
45544
45545
45546
45547
45548
45549
45550
45551
45552
45553
45554
45555
45556
45557
45558
45559
45560
45561
45562
45563
45564
45565
45566
45567
45568
45572
45582
45583
45585
45586
45606
45608
45611
45616
45619
45623
45626
45627
45628
45629
45634
45635
45636
45638
45639
45640
45641
45642
45643
45645
45647
45650
45651
45652
45653
45654
45655
45657
45658
45659
45660
45661
45663
45664
45665
45666
45667
45668
45669
45670
45671
45672
45673
45674
45675
45676
45677
45678
45679
45680
45682
45683
45684
45685
45687
45688
45707
45708
45711
45712
45714
45715
45717
45719
45720
45724
45725
45727
45728
45729
45730
45732
45736
45744
45745
45746
45753
45754
45757
45759
45760
45761
45762
45764
45765
45768
45769
45770
45789
45795
45801
45802
45807
45808
45809
45824
45826
45834
45835
45836
45837
45854
45860
45861
45863
45871
45873
45875
45878
45879
45881
45882
45887
45889
45894
45895
45897
45902
45904
45909
45910
45911
45914
45915
45916
45920
45922
45923
45924
45929
45931
45932
45934
45935
45938
45940
45941
45945
45946
45947
45948
45949
45950
45951
45953
45954
45955
45960
45962
45963
45965
45967
45968
45972
45973
45975
45976
45978
45979
45980
45981
45982
45983
4598545302
45314
45322
45325
45327
45329
45340
45341
45351
45354
45355
45357
45358
45361
45362
45363
45366
45367
45369
45371
45372
45373
45374
45375
45376
45377
45378
45379
45381
45382
45383
45384
45385
45386
45387
45388
45389
45390
45391
45392
45393
45394
45395
45396
45397
45399
45400
45401
45402
45403
45404
45405
45406
45407
45408
45410
45411
45412
45413
45414
45416
45417
45418
45419
45420
45421
45422
45424
45426
45427
45428
45429
45430
45431
45432
45433
45434
45435
45436
45437
45438
45439
45440
45441
45442
45443
45444
45445
45446
45447
45448
45449
45450
45451
45452
45453
45454
45455
45457
45458
45459
45460
45461
45463
45464
45465
45466
45467
45468
45469
45470
45471
45472
45473
45474
45475
45476
45478
45479
45480
45481
45482
45484
45485
45486
45487
45488
45489
45490
45491
45492
45493
45494
45495
45496
45497
45499
45500
45501
45502
45503
45504
45505
45506
45508
45509
45510
45511
45512
45513
45516
45517
45518
45519
45522
45523
45524
45525
45526
45527
45528
45529
45530
45532
45534
45535
45536
45537
45539
45540
45541
45542
45543
45544
45545
45546
45547
45548
45549
45550
45551
45552
45553
45554
45555
45556
45557
45558
45559
45560
45561
45562
45563
45564
45565
45566
45567
45568
45572
45582
45583
45585
45586
45606
45608
45611
45616
45619
45623
45626
45627
45628
45629
45634
45635
45636
45638
45639
45640
45641
45642
45643
45645
45647
45650
45651
45652
45653
45654
45655
45657
45658
45659
45660
45661
45663
45664
45665
45666
45667
45668
45669
45670
45671
45672
45673
45674
45675
45676
45677
45678
45679
45680
45682
45683
45684
45685
45687
45688
45707
45708
45711
45712
45714
45715
45717
45719
45720
45724
45725
45727
45728
45729
45730
45732
45736
45744
45745
45746
45753
45754
45757
45759
45760
45761
45762
45764
45765
45768
45769
45770
45789
45795
45801
45802
45807
45808
45809
45824
45826
45834
45835
45836
45837
45854
45860
45861
45863
45871
45873
45875
45878
45879
45881
45882
45887
45889
45894
45895
45897
45902
45904
45909
45910
45911
45914
45915
45916
45920
45922
45923
45924
45929
45931
45932
45934
45935
45938
45940
45941
45945
45946
45947
45948
45949
45950
45951
45953
45954
45955
45960
45962
45963
45965
45967
45968
45972
45973
45975
45976
45978
45979
45980
45981
45982
45983
4598545302
45314
45322
45325
45327
45329
45340
45341
45351
45354
45355
45357
45358
45361
45362
45363
45366
45367
45369
45371
45372
45373
45374
45375
45376
45377
45378
45379
45381
45382
45383
45384
45385
45386
45387
45388
45389
45390
45391
45392
45393
45394
45395
45396
45397
45399
45400
45401
45402
45403
45404
45405
45406
45407
45408
45410
45411
45412
45413
45414
45416
45417
45418
45419
45420
45421
45422
45424
45426
45427
45428
45429
45430
45431
45432
45433
45434
45435
45436
45437
45438
45439
45440
45441
45442
45443
45444
45445
45446
45447
45448
45449
45450
45451
45452
45453
45454
45455
45457
45458
45459
45460
45461
45463
45464
45465
45466
45467
45468
45469
45470
45471
45472
45473
45474
45475
45476
45478
45479
45480
45481
45482
45484
45485
45486
45487
45488
45489
45490
45491
45492
45493
45494
45495
45496
45497
45499
45500
45501
45502
45503
45504
45505
45506
45508
45509
45510
45511
45512
45513
45516
45517
45518
45519
45522
45523
45524
45525
45526
45527
45528
45529
45530
45532
45534
45535
45536
45537
45539
45540
45541
45542
45543
45544
45545
45546
45547
45548
45549
45550
45551
45552
45553
45554
45555
45556
45557
45558
45559
45560
45561
45562
45563
45564
45565
45566
45567
45568
45572
45582
45583
45585
45586
45606
45608
45611
45616
45619
45623
45626
45627
45628
45629
45634
45635
45636
45638
45639
45640
45641
45642
45643
45645
45647
45650
45651
45652
45653
45654
45655
45657
45658
45659
45660
45661
45663
45664
45665
45666
45667
45668
45669
45670
45671
45672
45673
45674
45675
45676
45677
45678
45679
45680
45682
45683
45684
45685
45687
45688
45707
45708
45711
45712
45714
45715
45717
45719
45720
45724
45725
45727
45728
45729
45730
45732
45736
45744
45745
45746
45753
45754
45757
45759
45760
45761
45762
45764
45765
45768
45769
45770
45789
45795
45801
45802
45807
45808
45809
45824
45826
45834
45835
45836
45837
45854
45860
45861
45863
45871
45873
45875
45878
45879
45881
45882
45887
45889
45894
45895
45897
45902
45904
45909
45910
45911
45914
45915
45916
45920
45922
45923
45924
45929
45931
45932
45934
45935
45938
45940
45941
45945
45946
45947
45948
45949
45950
45951
45953
45954
45955
45960
45962
45963
45965
45967
45968
45972
45973
45975
45976
45978
45979
45980
45981
45982
45983
4598545302
45314
45322
45325
45327
45329
45340
45341
45351
45354
45355
45357
45358
45361
45362
45363
45366
45367
45369
45371
45372
45373
45374
45375
45376
45377
45378
45379
45381
45382
45383
45384
45385
45386
45387
45388
45389
45390
45391
45392
45393
45394
45395
45396
45397
45399
45400
45401
45402
45403
45404
45405
45406
45407
45408
45410
45411
45412
45413
45414
45416
45417
45418
45419
45420
45421
45422
45424
45426
45427
45428
45429
45430
45431
45432
45433
45434
45435
45436
45437
45438
45439
45440
45441
45442
45443
45444
45445
45446
45447
45448
45449
45450
45451
45452
45453
45454
45455
45457
45458
45459
45460
45461
45463
45464
45465
45466
45467
45468
45469
45470
45471
45472
45473
45474
45475
45476
45478
45479
45480
45481
45482
45484
45485
45486
45487
45488
45489
45490
45491
45492
45493
45494
45495
45496
45497
45499
45500
45501
45502
45503
45504
45505
45506
45508
45509
45510
45511
45512
45513
45516
45517
45518
45519
45522
45523
45524
45525
45526
45527
45528
45529
45530
45532
45534
45535
45536
45537
45539
45540
45541
45542
45543
45544
45545
45546
45547
45548
45549
45550
45551
45552
45553
45554
45555
45556
45557
45558
45559
45560
45561
45562
45563
45564
45565
45566
45567
45568
45572
45582
45583
45585
45586
45606
45608
45611
45616
45619
45623
45626
45627
45628
45629
45634
45635
45636
45638
45639
45640
45641
45642
45643
45645
45647
45650
45651
45652
45653
45654
45655
45657
45658
45659
45660
45661
45663
45664
45665
45666
45667
45668
45669
45670
45671
45672
45673
45674
45675
45676
45677
45678
45679
45680
45682
45683
45684
45685
45687
45688
45707
45708
45711
45712
45714
45715
45717
45719
45720
45724
45725
45727
45728
45729
45730
45732
45736
45744
45745
45746
45753
45754
45757
45759
45760
45761
45762
45764
45765
45768
45769
45770
45789
45795
45801
45802
45807
45808
45809
45824
45826
45834
45835
45836
45837
45854
45860
45861
45863
45871
45873
45875
45878
45879
45881
45882
45887
45889
45894
45895
45897
45902
45904
45909
45910
45911
45914
45915
45916
45920
45922
45923
45924
45929
45931
45932
45934
45935
45938
45940
45941
45945
45946
45947
45948
45949
45950
45951
45953
45954
45955
45960
45962
45963
45965
45967
45968
45972
45973
45975
45976
45978
45979
45980
45981
45982
45983
4598545302
45314
45322
45325
45327
45329
45340
45341
45351
45354
45355
45357
45358
45361
45362
45363
45366
45367
45369
45371
45372
45373
45374
45375
45376
45377
45378
45379
45381
45382
45383
45384
45385
45386
45387
45388
45389
45390
45391
45392
45393
45394
45395
45396
45397
45399
45400
45401
45402
45403
45404
45405
45406
45407
45408
45410
45411
45412
45413
45414
45416
45417
45418
45419
45420
45421
45422
45424
45426
45427
45428
45429
45430
45431
45432
45433
45434
45435
45436
45437
45438
45439
45440
45441
45442
45443
45444
45445
45446
45447
45448
45449
45450
45451
45452
45453
45454
45455
45457
45458
45459
45460
45461
45463
45464
45465
45466
45467
45468
45469
45470
45471
45472
45473
45474
45475
45476
45478
45479
45480
45481
45482
45484
45485
45486
45487
45488
45489
45490
45491
45492
45493
45494
45495
45496
45497
45499
45500
45501
45502
45503
45504
45505
45506
45508
45509
45510
45511
45512
45513
45516
45517
45518
45519
45522
45523
45524
45525
45526
45527
45528
45529
45530
45532
45534
45535
45536
45537
45539
45540
45541
45542
45543
45544
45545
45546
45547
45548
45549
45550
45551
45552
45553
45554
45555
45556
45557
45558
45559
45560
45561
45562
45563
45564
45565
45566
45567
45568
45572
45582
45583
45585
45586
45606
45608
45611
45616
45619
45623
45626
45627
45628
45629
45634
45635
45636
45638
45639
45640
45641
45642
45643
45645
45647
45650
45651
45652
45653
45654
45655
45657
45658
45659
45660
45661
45663
45664
45665
45666
45667
45668
45669
45670
45671
45672
45673
45674
45675
45676
45677
45678
45679
45680
45682
45683
45684
45685
45687
45688
45707
45708
45711
45712
45714
45715
45717
45719
45720
45724
45725
45727
45728
45729
45730
45732
45736
45744
45745
45746
45753
45754
45757
45759
45760
45761
45762
45764
45765
45768
45769
45770
45789
45795
45801
45802
45807
45808
45809
45824
45826
45834
45835
45836
45837
45854
45860
45861
45863
45871
45873
45875
45878
45879
45881
45882
45887
45889
45894
45895
45897
45902
45904
45909
45910
45911
45914
45915
45916
45920
45922
45923
45924
45929
45931
45932
45934
45935
45938
45940
45941
45945
45946
45947
45948
45949
45950
45951
45953
45954
45955
45960
45962
45963
45965
45967
45968
45972
45973
45975
45976
45978
45979
45980
45981
45982
45983
4598545302
45314
45322
45325
45327
45329
45340
45341
45351
45354
45355
45357
45358
45361
45362
45363
45366
45367
45369
45371
45372
45373
45374
45375
45376
45377
45378
45379
45381
45382
45383
45384
45385
45386
45387
45388
45389
45390
45391
45392
45393
45394
45395
45396
45397
45399
45400
45401
45402
45403
45404
45405
45406
45407
45408
45410
45411
45412
45413
45414
45416
45417
45418
45419
45420
45421
45422
45424
45426
45427
45428
45429
45430
45431
45432
45433
45434
45435
45436
45437
45438
45439
45440
45441
45442
45443
45444
45445
45446
45447
45448
45449
45450
45451
45452
45453
45454
45455
45457
45458
45459
45460
45461
45463
45464
45465
45466
45467
45468
45469
45470
45471
45472
45473
45474
45475
45476
45478
45479
45480
45481
45482
45484
45485
45486
45487
45488
45489
45490
45491
45492
45493
45494
45495
45496
45497
45499
45500
45501
45502
45503
45504
45505
45506
45508
45509
45510
45511
45512
45513
45516
45517
45518
45519
45522
45523
45524
45525
45526
45527
45528
45529
45530
45532
45534
45535
45536
45537
45539
45540
45541
45542
45543
45544
45545
45546
45547
45548
45549
45550
45551
45552
45553
45554
45555
45556
45557
45558
45559
45560
45561
45562
45563
45564
45565
45566
45567
45568
45572
45582
45583
45585
45586
45606
45608
45611
45616
45619
45623
45626
45627
45628
45629
45634
45635
45636
45638
45639
45640
45641
45642
45643
45645
45647
45650
45651
45652
45653
45654
45655
45657
45658
45659
45660
45661
45663
45664
45665
45666
45667
45668
45669
45670
45671
45672
45673
45674
45675
45676
45677
45678
45679
45680
45682
45683
45684
45685
45687
45688
45707
45708
45711
45712
45714
45715
45717
45719
45720
45724
45725
45727
45728
45729
45730
45732
45736
45744
45745
45746
45753
45754
45757
45759
45760
45761
45762
45764
45765
45768
45769
45770
45789
45795
45801
45802
45807
45808
45809
45824
45826
45834
45835
45836
45837
45854
45860
45861
45863
45871
45873
45875
45878
45879
45881
45882
45887
45889
45894
45895
45897
45902
45904
45909
45910
45911
45914
45915
45916
45920
45922
45923
45924
45929
45931
45932
45934
45935
45938
45940
45941
45945
45946
45947
45948
45949
45950
45951
45953
45954
45955
45960
45962
45963
45965
45967
45968
45972
45973
45975
45976
45978
45979
45980
45981
45982
45983
4598545302
45314
45322
45325
45327
45329
45340
45341
45351
45354
45355
45357
45358
45361
45362
45363
45366
45367
45369
45371
45372
45373
45374
45375
45376
45377
45378
45379
45381
45382
45383
45384
45385
45386
45387
45388
45389
45390
45391
45392
45393
45394
45395
45396
45397
45399
45400
45401
45402
45403
45404
45405
45406
45407
45408
45410
45411
45412
45413
45414
45416
45417
45418
45419
45420
45421
45422
45424
45426
45427
45428
45429
45430
45431
45432
45433
45434
45435
45436
45437
45438
45439
45440
45441
45442
45443
45444
45445
45446
45447
45448
45449
45450
45451
45452
45453
45454
45455
45457
45458
45459
45460
45461
45463
45464
45465
45466
45467
45468
45469
45470
45471
45472
45473
45474
45475
45476
45478
45479
45480
45481
45482
45484
45485
45486
45487
45488
45489
45490
45491
45492
45493
45494
45495
45496
45497
45499
45500
45501
45502
45503
45504
45505
45506
45508
45509
45510
45511
45512
45513
45516
45517
45518
45519
45522
45523
45524
45525
45526
45527
45528
45529
45530
45532
45534
45535
45536
45537
45539
45540
45541
45542
45543
45544
45545
45546
45547
45548
45549
45550
45551
45552
45553
45554
45555
45556
45557
45558
45559
45560
45561
45562
45563
45564
45565
45566
45567
45568
45572
45582
45583
45585
45586
45606
45608
45611
45616
45619
45623
45626
45627
45628
45629
45634
45635
45636
45638
45639
45640
45641
45642
45643
45645
45647
45650
45651
45652
45653
45654
45655
45657
45658
45659
45660
45661
45663
45664
45665
45666
45667
45668
45669
45670
45671
45672
45673
45674
45675
45676
45677
45678
45679
45680
45682
45683
45684
45685
45687
45688
45707
45708
45711
45712
45714
45715
45717
45719
45720
45724
45725
45727
45728
45729
45730
45732
45736
45744
45745
45746
45753
45754
45757
45759
45760
45761
45762
45764
45765
45768
45769
45770
45789
45795
45801
45802
45807
45808
45809
45824
45826
45834
45835
45836
45837
45854
45860
45861
45863
45871
45873
45875
45878
45879
45881
45882
45887
45889
45894
45895
45897
45902
45904
45909
45910
45911
45914
45915
45916
45920
45922
45923
45924
45929
45931
45932
45934
45935
45938
45940
45941
45945
45946
45947
45948
45949
45950
45951
45953
45954
45955
45960
45962
45963
45965
45967
45968
45972
45973
45975
45976
45978
45979
45980
45981
45982
45983
4598545302
45314
45322
45325
45327
45329
45340
45341
45351
45354
45355
45357
45358
45361
45362
45363
45366
45367
45369
45371
45372
45373
45374
45375
45376
45377
45378
45379
45381
45382
45383
45384
45385
45386
45387
45388
45389
45390
45391
45392
45393
45394
45395
45396
45397
45399
45400
45401
45402
45403
45404
45405
45406
45407
45408
45410
45411
45412
45413
45414
45416
45417
45418
45419
45420
45421
45422
45424
45426
45427
45428
45429
45430
45431
45432
45433
45434
45435
45436
45437
45438
45439
45440
45441
45442
45443
45444
45445
45446
45447
45448
45449
45450
45451
45452
45453
45454
45455
45457
45458
45459
45460
45461
45463
45464
45465
45466
45467
45468
45469
45470
45471
45472
45473
45474
45475
45476
45478
45479
45480
45481
45482
45484
45485
45486
45487
45488
45489
45490
45491
45492
45493
45494
45495
45496
45497
45499
45500
45501
45502
45503
45504
45505
45506
45508
45509
45510
45511
45512
45513
45516
45517
45518
45519
45522
45523
45524
45525
45526
45527
45528
45529
45530
45532
45534
45535
45536
45537
45539
45540
45541
45542
45543
45544
45545
45546
45547
45548
45549
45550
45551
45552
45553
45554
45555
45556
45557
45558
45559
45560
45561
45562
45563
45564
45565
45566
45567
45568
45572
45582
45583
45585
45586
45606
45608
45611
45616
45619
45623
45626
45627
45628
45629
45634
45635
45636
45638
45639
45640
45641
45642
45643
45645
45647
45650
45651
45652
45653
45654
45655
45657
45658
45659
45660
45661
45663
45664
45665
45666
45667
45668
45669
45670
45671
45672
45673
45674
45675
45676
45677
45678
45679
45680
45682
45683
45684
45685
45687
45688
45707
45708
45711
45712
45714
45715
45717
45719
45720
45724
45725
45727
45728
45729
45730
45732
45736
45744
45745
45746
45753
45754
45757
45759
45760
45761
45762
45764
45765
45768
45769
45770
45789
45795
45801
45802
45807
45808
45809
45824
45826
45834
45835
45836
45837
45854
45860
45861
45863
45871
45873
45875
45878
45879
45881
45882
45887
45889
45894
45895
45897
45902
45904
45909
45910
45911
45914
45915
45916
45920
45922
45923
45924
45929
45931
45932
45934
45935
45938
45940
45941
45945
45946
45947
45948
45949
45950
45951
45953
45954
45955
45960
45962
45963
45965
45967
45968
45972
45973
45975
45976
45978
45979
45980
45981
45982
45983
4598545302
45314
45322
45325
45327
45329
45340
45341
45351
45354
45355
45357
45358
45361
45362
45363
45366
45367
45369
45371
45372
45373
45374
45375
45376
45377
45378
45379
45381
45382
45383
45384
45385
45386
45387
45388
45389
45390
45391
45392
45393
45394
45395
45396
45397
45399
45400
45401
45402
45403
45404
45405
45406
45407
45408
45410
45411
45412
45413
45414
45416
45417
45418
45419
45420
45421
45422
45424
45426
45427
45428
45429
45430
45431
45432
45433
45434
45435
45436
45437
45438
45439
45440
45441
45442
45443
45444
45445
45446
45447
45448
45449
45450
45451
45452
45453
45454
45455
45457
45458
45459
45460
45461
45463
45464
45465
45466
45467
45468
45469
45470
45471
45472
45473
45474
45475
45476
45478
45479
45480
45481
45482
45484
45485
45486
45487
45488
45489
45490
45491
45492
45493
45494
45495
45496
45497
45499
45500
45501
45502
45503
45504
45505
45506
45508
45509
45510
45511
45512
45513
45516
45517
45518
45519
45522
45523
45524
45525
45526
45527
45528
45529
45530
45532
45534
45535
45536
45537
45539
45540
45541
45542
45543
45544
45545
45546
45547
45548
45549
45550
45551
45552
45553
45554
45555
45556
45557
45558
45559
45560
45561
45562
45563
45564
45565
45566
45567
45568
45572
45582
45583
45585
45586
45606
45608
45611
45616
45619
45623
45626
45627
45628
45629
45634
45635
45636
45638
45639
45640
45641
45642
45643
45645
45647
45650
45651
45652
45653
45654
45655
45657
45658
45659
45660
45661
45663
45664
45665
45666
45667
45668
45669
45670
45671
45672
45673
45674
45675
45676
45677
45678
45679
45680
45682
45683
45684
45685
45687
45688
45707
45708
45711
45712
45714
45715
45717
45719
45720
45724
45725
45727
45728
45729
45730
45732
45736
45744
45745
45746
45753
45754
45757
45759
45760
45761
45762
45764
45765
45768
45769
45770
45789
45795
45801
45802
45807
45808
45809
45824
45826
45834
45835
45836
45837
45854
45860
45861
45863
45871
45873
45875
45878
45879
45881
45882
45887
45889
45894
45895
45897
45902
45904
45909
45910
45911
45914
45915
45916
45920
45922
45923
45924
45929
45931
45932
45934
45935
45938
45940
45941
45945
45946
45947
45948
45949
45950
45951
45953
45954
45955
45960
45962
45963
45965
45967
45968
45972
45973
45975
45976
45978
45979
45980
45981
45982
45983
4598545302
45314
45322
45325
45327
45329
45340
45341
45351
45354
45355
45357
45358
45361
45362
45363
45366
45367
45369
45371
45372
45373
45374
45375
45376
45377
45378
45379
45381
45382
45383
45384
45385
45386
45387
45388
45389
45390
45391
45392
45393
45394
45395
45396
45397
45399
45400
45401
45402
45403
45404
45405
45406
45407
45408
45410
45411
45412
45413
45414
45416
45417
45418
45419
45420
45421
45422
45424
45426
45427
45428
45429
45430
45431
45432
45433
45434
45435
45436
45437
45438
45439
45440
45441
45442
45443
45444
45445
45446
45447
45448
45449
45450
45451
45452
45453
45454
45455
45457
45458
45459
45460
45461
45463
45464
45465
45466
45467
45468
45469
45470
45471
45472
45473
45474
45475
45476
45478
45479
45480
45481
45482
45484
45485
45486
45487
45488
45489
45490
45491
45492
45493
45494
45495
45496
45497
45499
45500
45501
45502
45503
45504
45505
45506
45508
45509
45510
45511
45512
45513
45516
45517
45518
45519
45522
45523
45524
45525
45526
45527
45528
45529
45530
45532
45534
45535
45536
45537
45539
45540
45541
45542
45543
45544
45545
45546
45547
45548
45549
45550
45551
45552
45553
45554
45555
45556
45557
45558
45559
45560
45561
45562
45563
45564
45565
45566
45567
45568
45572
45582
45583
45585
45586
45606
45608
45611
45616
45619
45623
45626
45627
45628
45629
45634
45635
45636
45638
45639
45640
45641
45642
45643
45645
45647
45650
45651
45652
45653
45654
45655
45657
45658
45659
45660
45661
45663
45664
45665
45666
45667
45668
45669
45670
45671
45672
45673
45674
45675
45676
45677
45678
45679
45680
45682
45683
45684
45685
45687
45688
45707
45708
45711
45712
45714
45715
45717
45719
45720
45724
45725
45727
45728
45729
45730
45732
45736
45744
45745
45746
45753
45754
45757
45759
45760
45761
45762
45764
45765
45768
45769
45770
45789
45795
45801
45802
45807
45808
45809
45824
45826
45834
45835
45836
45837
45854
45860
45861
45863
45871
45873
45875
45878
45879
45881
45882
45887
45889
45894
45895
45897
45902
45904
45909
45910
45911
45914
45915
45916
45920
45922
45923
45924
45929
45931
45932
45934
45935
45938
45940
45941
45945
45946
45947
45948
45949
45950
45951
45953
45954
45955
45960
45962
45963
45965
45967
45968
45972
45973
45975
45976
45978
45979
45980
45981
45982
45983
4598545302
45314
45322
45325
45327
45329
45340
45341
45351
45354
45355
45357
45358
45361
45362
45363
45366
45367
45369
45371
45372
45373
45374
45375
45376
45377
45378
45379
45381
45382
45383
45384
45385
45386
45387
45388
45389
45390
45391
45392
45393
45394
45395
45396
45397
45399
45400
45401
45402
45403
45404
45405
45406
45407
45408
45410
45411
45412
45413
45414
45416
45417
45418
45419
45420
45421
45422
45424
45426
45427
45428
45429
45430
45431
45432
45433
45434
45435
45436
45437
45438
45439
45440
45441
45442
45443
45444
45445
45446
45447
45448
45449
45450
45451
45452
45453
45454
45455
45457
45458
45459
45460
45461
45463
45464
45465
45466
45467
45468
45469
45470
45471
45472
45473
45474
45475
45476
45478
45479
45480
45481
45482
45484
45485
45486
45487
45488
45489
45490
45491
45492
45493
45494
45495
45496
45497
45499
45500
45501
45502
45503
45504
45505
45506
45508
45509
45510
45511
45512
45513
45516
45517
45518
45519
45522
45523
45524
45525
45526
45527
45528
45529
45530
45532
45534
45535
45536
45537
45539
45540
45541
45542
45543
45544
45545
45546
45547
45548
45549
45550
45551
45552
45553
45554
45555
45556
45557
45558
45559
45560
45561
45562
45563
45564
45565
45566
45567
45568
45572
45582
45583
45585
45586
45606
45608
45611
45616
45619
45623
45626
45627
45628
45629
45634
45635
45636
45638
45639
45640
45641
45642
45643
45645
45647
45650
45651
45652
45653
45654
45655
45657
45658
45659
45660
45661
45663
45664
45665
45666
45667
45668
45669
45670
45671
45672
45673
45674
45675
45676
45677
45678
45679
45680
45682
45683
45684
45685
45687
45688
45707
45708
45711
45712
45714
45715
45717
45719
45720
45724
45725
45727
45728
45729
45730
45732
45736
45744
45745
45746
45753
45754
45757
45759
45760
45761
45762
45764
45765
45768
45769
45770
45789
45795
45801
45802
45807
45808
45809
45824
45826
45834
45835
45836
45837
45854
45860
45861
45863
45871
45873
45875
45878
45879
45881
45882
45887
45889
45894
45895
45897
45902
45904
45909
45910
45911
45914
45915
45916
45920
45922
45923
45924
45929
45931
45932
45934
45935
45938
45940
45941
45945
45946
45947
45948
45949
45950
45951
45953
45954
45955
45960
45962
45963
45965
45967
45968
45972
45973
45975
45976
45978
45979
45980
45981
45982
45983
4598545302
45314
45322
45325
45327
45329
45340
45341
45351
45354
45355
45357
45358
45361
45362
45363
45366
45367
45369
45371
45372
45373
45374
45375
45376
45377
45378
45379
45381
45382
45383
45384
45385
45386
45387
45388
45389
45390
45391
45392
45393
45394
45395
45396
45397
45399
45400
45401
45402
45403
45404
45405
45406
45407
45408
45410
45411
45412
45413
45414
45416
45417
45418
45419
45420
45421
45422
45424
45426
45427
45428
45429
45430
45431
45432
45433
45434
45435
45436
45437
45438
45439
45440
45441
45442
45443
45444
45445
45446
45447
45448
45449
45450
45451
45452
45453
45454
45455
45457
45458
45459
45460
45461
45463
45464
45465
45466
45467
45468
45469
45470
45471
45472
45473
45474
45475
45476
45478
45479
45480
45481
45482
45484
45485
45486
45487
45488
45489
45490
45491
45492
45493
45494
45495
45496
45497
45499
45500
45501
45502
45503
45504
45505
45506
45508
45509
45510
45511
45512
45513
45516
45517
45518
45519
45522
45523
45524
45525
45526
45527
45528
45529
45530
45532
45534
45535
45536
45537
45539
45540
45541
45542
45543
45544
45545
45546
45547
45548
45549
45550
45551
45552
45553
45554
45555
45556
45557
45558
45559
45560
45561
45562
45563
45564
45565
45566
45567
45568
45572
45582
45583
45585
45586
45606
45608
45611
45616
45619
45623
45626
45627
45628
45629
45634
45635
45636
45638
45639
45640
45641
45642
45643
45645
45647
45650
45651
45652
45653
45654
45655
45657
45658
45659
45660
45661
45663
45664
45665
45666
45667
45668
45669
45670
45671
45672
45673
45674
45675
45676
45677
45678
45679
45680
45682
45683
45684
45685
45687
45688
45707
45708
45711
45712
45714
45715
45717
45719
45720
45724
45725
45727
45728
45729
45730
45732
45736
45744
45745
45746
45753
45754
45757
45759
45760
45761
45762
45764
45765
45768
45769
45770
45789
45795
45801
45802
45807
45808
45809
45824
45826
45834
45835
45836
45837
45854
45860
45861
45863
45871
45873
45875
45878
45879
45881
45882
45887
45889
45894
45895
45897
45902
45904
45909
45910
45911
45914
45915
45916
45920
45922
45923
45924
45929
45931
45932
45934
45935
45938
45940
45941
45945
45946
45947
45948
45949
45950
45951
45953
45954
45955
45960
45962
45963
45965
45967
45968
45972
45973
45975
45976
45978
45979
45980
45981
45982
45983
4598545302
45314
45322
45325
45327
45329
45340
45341
45351
45354
45355
45357
45358
45361
45362
45363
45366
45367
45369
45371
45372
45373
45374
45375
45376
45377
45378
45379
45381
45382
45383
45384
45385
45386
45387
45388
45389
45390
45391
45392
45393
45394
45395
45396
45397
45399
45400
45401
45402
45403
45404
45405
45406
45407
45408
45410
45411
45412
45413
45414
45416
45417
45418
45419
45420
45421
45422
45424
45426
45427
45428
45429
45430
45431
45432
45433
45434
45435
45436
45437
45438
45439
45440
45441
45442
45443
45444
45445
45446
45447
45448
45449
45450
45451
45452
45453
45454
45455
45457
45458
45459
45460
45461
45463
45464
45465
45466
45467
45468
45469
45470
45471
45472
45473
45474
45475
45476
45478
45479
45480
45481
45482
45484
45485
45486
45487
45488
45489
45490
45491
45492
45493
45494
45495
45496
45497
45499
45500
45501
45502
45503
45504
45505
45506
45508
45509
45510
45511
45512
45513
45516
45517
45518
45519
45522
45523
45524
45525
45526
45527
45528
45529
45530
45532
45534
45535
45536
45537
45539
45540
45541
45542
45543
45544
45545
45546
45547
45548
45549
45550
45551
45552
45553
45554
45555
45556
45557
45558
45559
45560
45561
45562
45563
45564
45565
45566
45567
45568
45572
45582
45583
45585
45586
45606
45608
45611
45616
45619
45623
45626
45627
45628
45629
45634
45635
45636
45638
45639
45640
45641
45642
45643
45645
45647
45650
45651
45652
45653
45654
45655
45657
45658
45659
45660
45661
45663
45664
45665
45666
45667
45668
45669
45670
45671
45672
45673
45674
45675
45676
45677
45678
45679
45680
45682
45683
45684
45685
45687
45688
45707
45708
45711
45712
45714
45715
45717
45719
45720
45724
45725
45727
45728
45729
45730
45732
45736
45744
45745
45746
45753
45754
45757
45759
45760
45761
45762
45764
45765
45768
45769
45770
45789
45795
45801
45802
45807
45808
45809
45824
45826
45834
45835
45836
45837
45854
45860
45861
45863
45871
45873
45875
45878
45879
45881
45882
45887
45889
45894
45895
45897
45902
45904
45909
45910
45911
45914
45915
45916
45920
45922
45923
45924
45929
45931
45932
45934
45935
45938
45940
45941
45945
45946
45947
45948
45949
45950
45951
45953
45954
45955
45960
45962
45963
45965
45967
45968
45972
45973
45975
45976
45978
45979
45980
45981
45982
45983
4598545302
45314
45322
45325
45327
45329
45340
45341
45351
45354
45355
45357
45358
45361
45362
45363
45366
45367
45369
45371
45372
45373
45374
45375
45376
45377
45378
45379
45381
45382
45383
45384
45385
45386
45387
45388
45389
45390
45391
45392
45393
45394
45395
45396
45397
45399
45400
45401
45402
45403
45404
45405
45406
45407
45408
45410
45411
45412
45413
45414
45416
45417
45418
45419
45420
45421
45422
45424
45426
45427
45428
45429
45430
45431
45432
45433
45434
45435
45436
45437
45438
45439
45440
45441
45442
45443
45444
45445
45446
45447
45448
45449
45450
45451
45452
45453
45454
45455
45457
45458
45459
45460
45461
45463
45464
45465
45466
45467
45468
45469
45470
45471
45472
45473
45474
45475
45476
45478
45479
45480
45481
45482
45484
45485
45486
45487
45488
45489
45490
45491
45492
45493
45494
45495
45496
45497
45499
45500
45501
45502
45503
45504
45505
45506
45508
45509
45510
45511
45512
45513
45516
45517
45518
45519
45522
45523
45524
45525
45526
45527
45528
45529
45530
45532
45534
45535
45536
45537
45539
45540
45541
45542
45543
45544
45545
45546
45547
45548
45549
45550
45551
45552
45553
45554
45555
45556
45557
45558
45559
45560
45561
45562
45563
45564
45565
45566
45567
45568
45572
45582
45583
45585
45586
45606
45608
45611
45616
45619
45623
45626
45627
45628
45629
45634
45635
45636
45638
45639
45640
45641
45642
45643
45645
45647
45650
45651
45652
45653
45654
45655
45657
45658
45659
45660
45661
45663
45664
45665
45666
45667
45668
45669
45670
45671
45672
45673
45674
45675
45676
45677
45678
45679
45680
45682
45683
45684
45685
45687
45688
45707
45708
45711
45712
45714
45715
45717
45719
45720
45724
45725
45727
45728
45729
45730
45732
45736
45744
45745
45746
45753
45754
45757
45759
45760
45761
45762
45764
45765
45768
45769
45770
45789
45795
45801
45802
45807
45808
45809
45824
45826
45834
45835
45836
45837
45854
45860
45861
45863
45871
45873
45875
45878
45879
45881
45882
45887
45889
45894
45895
45897
45902
45904
45909
45910
45911
45914
45915
45916
45920
45922
45923
45924
45929
45931
45932
45934
45935
45938
45940
45941
45945
45946
45947
45948
45949
45950
45951
45953
45954
45955
45960
45962
45963
45965
45967
45968
45972
45973
45975
45976
45978
45979
45980
45981
45982
45983
4598545302
45314
45322
45325
45327
45329
45340
45341
45351
45354
45355
45357
45358
45361
45362
45363
45366
45367
45369
45371
45372
45373
45374
45375
45376
45377
45378
45379
45381
45382
45383
45384
45385
45386
45387
45388
45389
45390
45391
45392
45393
45394
45395
45396
45397
45399
45400
45401
45402
45403
45404
45405
45406
45407
45408
45410
45411
45412
45413
45414
45416
45417
45418
45419
45420
45421
45422
45424
45426
45427
45428
45429
45430
45431
45432
45433
45434
45435
45436
45437
45438
45439
45440
45441
45442
45443
45444
45445
45446
45447
45448
45449
45450
45451
45452
45453
45454
45455
45457
45458
45459
45460
45461
45463
45464
45465
45466
45467
45468
45469
45470
45471
45472
45473
45474
45475
45476
45478
45479
45480
45481
45482
45484
45485
45486
45487
45488
45489
45490
45491
45492
45493
45494
45495
45496
45497
45499
45500
45501
45502
45503
45504
45505
45506
45508
45509
45510
45511
45512
45513
45516
45517
45518
45519
45522
45523
45524
45525
45526
45527
45528
45529
45530
45532
45534
45535
45536
45537
45539
45540
45541
45542
45543
45544
45545
45546
45547
45548
45549
45550
45551
45552
45553
45554
45555
45556
45557
45558
45559
45560
45561
45562
45563
45564
45565
45566
45567
45568
45572
45582
45583
45585
45586
45606
45608
45611
45616
45619
45623
45626
45627
45628
45629
45634
45635
45636
45638
45639
45640
45641
45642
45643
45645
45647
45650
45651
45652
45653
45654
45655
45657
45658
45659
45660
45661
45663
45664
45665
45666
45667
45668
45669
45670
45671
45672
45673
45674
45675
45676
45677
45678
45679
45680
45682
45683
45684
45685
45687
45688
45707
45708
45711
45712
45714
45715
45717
45719
45720
45724
45725
45727
45728
45729
45730
45732
45736
45744
45745
45746
45753
45754
45757
45759
45760
45761
45762
45764
45765
45768
45769
45770
45789
45795
45801
45802
45807
45808
45809
45824
45826
45834
45835
45836
45837
45854
45860
45861
45863
45871
45873
45875
45878
45879
45881
45882
45887
45889
45894
45895
45897
45902
45904
45909
45910
45911
45914
45915
45916
45920
45922
45923
45924
45929
45931
45932
45934
45935
45938
45940
45941
45945
45946
45947
45948
45949
45950
45951
45953
45954
45955
45960
45962
45963
45965
45967
45968
45972
45973
45975
45976
45978
45979
45980
45981
45982
45983
4598545302
45314
45322
45325
45327
45329
45340
45341
45351
45354
45355
45357
45358
45361
45362
45363
45366
45367
45369
45371
45372
45373
45374
45375
45376
45377
45378
45379
45381
45382
45383
45384
45385
45386
45387
45388
45389
45390
45391
45392
45393
45394
45395
45396
45397
45399
45400
45401
45402
45403
45404
45405
45406
45407
45408
45410
45411
45412
45413
45414
45416
45417
45418
45419
45420
45421
45422
45424
45426
45427
45428
45429
45430
45431
45432
45433
45434
45435
45436
45437
45438
45439
45440
45441
45442
45443
45444
45445
45446
45447
45448
45449
45450
45451
45452
45453
45454
45455
45457
45458
45459
45460
45461
45463
45464
45465
45466
45467
45468
45469
45470
45471
45472
45473
45474
45475
45476
45478
45479
45480
45481
45482
45484
45485
45486
45487
45488
45489
45490
45491
45492
45493
45494
45495
45496
45497
45499
45500
45501
45502
45503
45504
45505
45506
45508
45509
45510
45511
45512
45513
45516
45517
45518
45519
45522
45523
45524
45525
45526
45527
45528
45529
45530
45532
45534
45535
45536
45537
45539
45540
45541
45542
45543
45544
45545
45546
45547
45548
45549
45550
45551
45552
45553
45554
45555
45556
45557
45558
45559
45560
45561
45562
45563
45564
45565
45566
45567
45568
45572
45582
45583
45585
45586
45606
45608
45611
45616
45619
45623
45626
45627
45628
45629
45634
45635
45636
45638
45639
45640
45641
45642
45643
45645
45647
45650
45651
45652
45653
45654
45655
45657
45658
45659
45660
45661
45663
45664
45665
45666
45667
45668
45669
45670
45671
45672
45673
45674
45675
45676
45677
45678
45679
45680
45682
45683
45684
45685
45687
45688
45707
45708
45711
45712
45714
45715
45717
45719
45720
45724
45725
45727
45728
45729
45730
45732
45736
45744
45745
45746
45753
45754
45757
45759
45760
45761
45762
45764
45765
45768
45769
45770
45789
45795
45801
45802
45807
45808
45809
45824
45826
45834
45835
45836
45837
45854
45860
45861
45863
45871
45873
45875
45878
45879
45881
45882
45887
45889
45894
45895
45897
45902
45904
45909
45910
45911
45914
45915
45916
45920
45922
45923
45924
45929
45931
45932
45934
45935
45938
45940
45941
45945
45946
45947
45948
45949
45950
45951
45953
45954
45955
45960
45962
45963
45965
45967
45968
45972
45973
45975
45976
45978
45979
45980
45981
45982
45983
4598545302
45314
45322
45325
45327
45329
45340
45341
45351
45354
45355
45357
45358
45361
45362
45363
45366
45367
45369
45371
45372
45373
45374
45375
45376
45377
45378
45379
45381
45382
45383
45384
45385
45386
45387
45388
45389
45390
45391
45392
45393
45394
45395
45396
45397
45399
45400
45401
45402
45403
45404
45405
45406
45407
45408
45410
45411
45412
45413
45414
45416
45417
45418
45419
45420
45421
45422
45424
45426
45427
45428
45429
45430
45431
45432
45433
45434
45435
45436
45437
45438
45439
45440
45441
45442
45443
45444
45445
45446
45447
45448
45449
45450
45451
45452
45453
45454
45455
45457
45458
45459
45460
45461
45463
45464
45465
45466
45467
45468
45469
45470
45471
45472
45473
45474
45475
45476
45478
45479
45480
45481
45482
45484
45485
45486
45487
45488
45489
45490
45491
45492
45493
45494
45495
45496
45497
45499
45500
45501
45502
45503
45504
45505
45506
45508
45509
45510
45511
45512
45513
45516
45517
45518
45519
45522
45523
45524
45525
45526
45527
45528
45529
45530
45532
45534
45535
45536
45537
45539
45540
45541
45542
45543
45544
45545
45546
45547
45548
45549
45550
45551
45552
45553
45554
45555
45556
45557
45558
45559
45560
45561
45562
45563
45564
45565
45566
45567
45568
45572
45582
45583
45585
45586
45606
45608
45611
45616
45619
45623
45626
45627
45628
45629
45634
45635
45636
45638
45639
45640
45641
45642
45643
45645
45647
45650
45651
45652
45653
45654
45655
45657
45658
45659
45660
45661
45663
45664
45665
45666
45667
45668
45669
45670
45671
45672
45673
45674
45675
45676
45677
45678
45679
45680
45682
45683
45684
45685
45687
45688
45707
45708
45711
45712
45714
45715
45717
45719
45720
45724
45725
45727
45728
45729
45730
45732
45736
45744
45745
45746
45753
45754
45757
45759
45760
45761
45762
45764
45765
45768
45769
45770
45789
45795
45801
45802
45807
45808
45809
45824
45826
45834
45835
45836
45837
45854
45860
45861
45863
45871
45873
45875
45878
45879
45881
45882
45887
45889
45894
45895
45897
45902
45904
45909
45910
45911
45914
45915
45916
45920
45922
45923
45924
45929
45931
45932
45934
45935
45938
45940
45941
45945
45946
45947
45948
45949
45950
45951
45953
45954
45955
45960
45962
45963
45965
45967
45968
45972
45973
45975
45976
45978
45979
45980
45981
45982
45983
4598545302
45314
45322
45325
45327
45329
45340
45341
45351
45354
45355
45357
45358
45361
45362
45363
45366
45367
45369
45371
45372
45373
45374
45375
45376
45377
45378
45379
45381
45382
45383
45384
45385
45386
45387
45388
45389
45390
45391
45392
45393
45394
45395
45396
45397
45399
45400
45401
45402
45403
45404
45405
45406
45407
45408
45410
45411
45412
45413
45414
45416
45417
45418
45419
45420
45421
45422
45424
45426
45427
45428
45429
45430
45431
45432
45433
45434
45435
45436
45437
45438
45439
45440
45441
45442
45443
45444
45445
45446
45447
45448
45449
45450
45451
45452
45453
45454
45455
45457
45458
45459
45460
45461
45463
45464
45465
45466
45467
45468
45469
45470
45471
45472
45473
45474
45475
45476
45478
45479
45480
45481
45482
45484
45485
45486
45487
45488
45489
45490
45491
45492
45493
45494
45495
45496
45497
45499
45500
45501
45502
45503
45504
45505
45506
45508
45509
45510
45511
45512
45513
45516
45517
45518
45519
45522
45523
45524
45525
45526
45527
45528
45529
45530
45532
45534
45535
45536
45537
45539
45540
45541
45542
45543
45544
45545
45546
45547
45548
45549
45550
45551
45552
45553
45554
45555
45556
45557
45558
45559
45560
45561
45562
45563
45564
45565
45566
45567
45568
45572
45582
45583
45585
45586
45606
45608
45611
45616
45619
45623
45626
45627
45628
45629
45634
45635
45636
45638
45639
45640
45641
45642
45643
45645
45647
45650
45651
45652
45653
45654
45655
45657
45658
45659
45660
45661
45663
45664
45665
45666
45667
45668
45669
45670
45671
45672
45673
45674
45675
45676
45677
45678
45679
45680
45682
45683
45684
45685
45687
45688
45707
45708
45711
45712
45714
45715
45717
45719
45720
45724
45725
45727
45728
45729
45730
45732
45736
45744
45745
45746
45753
45754
45757
45759
45760
45761
45762
45764
45765
45768
45769
45770
45789
45795
45801
45802
45807
45808
45809
45824
45826
45834
45835
45836
45837
45854
45860
45861
45863
45871
45873
45875
45878
45879
45881
45882
45887
45889
45894
45895
45897
45902
45904
45909
45910
45911
45914
45915
45916
45920
45922
45923
45924
45929
45931
45932
45934
45935
45938
45940
45941
45945
45946
45947
45948
45949
45950
45951
45953
45954
45955
45960
45962
45963
45965
45967
45968
45972
45973
45975
45976
45978
45979
45980
45981
45982
45983
4598545302
45314
45322
45325
45327
45329
45340
45341
45351
45354
45355
45357
45358
45361
45362
45363
45366
45367
45369
45371
45372
45373
45374
45375
45376
45377
45378
45379
45381
45382
45383
45384
45385
45386
45387
45388
45389
45390
45391
45392
45393
45394
45395
45396
45397
45399
45400
45401
45402
45403
45404
45405
45406
45407
45408
45410
45411
45412
45413
45414
45416
45417
45418
45419
45420
45421
45422
45424
45426
45427
45428
45429
45430
45431
45432
45433
45434
45435
45436
45437
45438
45439
45440
45441
45442
45443
45444
45445
45446
45447
45448
45449
45450
45451
45452
45453
45454
45455
45457
45458
45459
45460
45461
45463
45464
45465
45466
45467
45468
45469
45470
45471
45472
45473
45474
45475
45476
45478
45479
45480
45481
45482
45484
45485
45486
45487
45488
45489
45490
45491
45492
45493
45494
45495
45496
45497
45499
45500
45501
45502
45503
45504
45505
45506
45508
45509
45510
45511
45512
45513
45516
45517
45518
45519
45522
45523
45524
45525
45526
45527
45528
45529
45530
45532
45534
45535
45536
45537
45539
45540
45541
45542
45543
45544
45545
45546
45547
45548
45549
45550
45551
45552
45553
45554
45555
45556
45557
45558
45559
45560
45561
45562
45563
45564
45565
45566
45567
45568
45572
45582
45583
45585
45586
45606
45608
45611
45616
45619
45623
45626
45627
45628
45629
45634
45635
45636
45638
45639
45640
45641
45642
45643
45645
45647
45650
45651
45652
45653
45654
45655
45657
45658
45659
45660
45661
45663
45664
45665
45666
45667
45668
45669
45670
45671
45672
45673
45674
45675
45676
45677
45678
45679
45680
45682
45683
45684
45685
45687
45688
45707
45708
45711
45712
45714
45715
45717
45719
45720
45724
45725
45727
45728
45729
45730
45732
45736
45744
45745
45746
45753
45754
45757
45759
45760
45761
45762
45764
45765
45768
45769
45770
45789
45795
45801
45802
45807
45808
45809
45824
45826
45834
45835
45836
45837
45854
45860
45861
45863
45871
45873
45875
45878
45879
45881
45882
45887
45889
45894
45895
45897
45902
45904
45909
45910
45911
45914
45915
45916
45920
45922
45923
45924
45929
45931
45932
45934
45935
45938
45940
45941
45945
45946
45947
45948
45949
45950
45951
45953
45954
45955
45960
45962
45963
45965
45967
45968
45972
45973
45975
45976
45978
45979
45980
45981
45982
45983
4598545302
45314
45322
45325
45327
45329
45340
45341
45351
45354
45355
45357
45358
45361
45362
45363
45366
45367
45369
45371
45372
45373
45374
45375
45376
45377
45378
45379
45381
45382
45383
45384
45385
45386
45387
45388
45389
45390
45391
45392
45393
45394
45395
45396
45397
45399
45400
45401
45402
45403
45404
45405
45406
45407
45408
45410
45411
45412
45413
45414
45416
45417
45418
45419
45420
45421
45422
45424
45426
45427
45428
45429
45430
45431
45432
45433
45434
45435
45436
45437
45438
45439
45440
45441
45442
45443
45444
45445
45446
45447
45448
45449
45450
45451
45452
45453
45454
45455
45457
45458
45459
45460
45461
45463
45464
45465
45466
45467
45468
45469
45470
45471
45472
45473
45474
45475
45476
45478
45479
45480
45481
45482
45484
45485
45486
45487
45488
45489
45490
45491
45492
45493
45494
45495
45496
45497
45499
45500
45501
45502
45503
45504
45505
45506
45508
45509
45510
45511
45512
45513
45516
45517
45518
45519
45522
45523
45524
45525
45526
45527
45528
45529
45530
45532
45534
45535
45536
45537
45539
45540
45541
45542
45543
45544
45545
45546
45547
45548
45549
45550
45551
45552
45553
45554
45555
45556
45557
45558
45559
45560
45561
45562
45563
45564
45565
45566
45567
45568
45572
45582
45583
45585
45586
45606
45608
45611
45616
45619
45623
45626
45627
45628
45629
45634
45635
45636
45638
45639
45640
45641
45642
45643
45645
45647
45650
45651
45652
45653
45654
45655
45657
45658
45659
45660
45661
45663
45664
45665
45666
45667
45668
45669
45670
45671
45672
45673
45674
45675
45676
45677
45678
45679
45680
45682
45683
45684
45685
45687
45688
45707
45708
45711
45712
45714
45715
45717
45719
45720
45724
45725
45727
45728
45729
45730
45732
45736
45744
45745
45746
45753
45754
45757
45759
45760
45761
45762
45764
45765
45768
45769
45770
45789
45795
45801
45802
45807
45808
45809
45824
45826
45834
45835
45836
45837
45854
45860
45861
45863
45871
45873
45875
45878
45879
45881
45882
45887
45889
45894
45895
45897
45902
45904
45909
45910
45911
45914
45915
45916
45920
45922
45923
45924
45929
45931
45932
45934
45935
45938
45940
45941
45945
45946
45947
45948
45949
45950
45951
45953
45954
45955
45960
45962
45963
45965
45967
45968
45972
45973
45975
45976
45978
45979
45980
45981
45982
45983
4598545302
45314
45322
45325
45327
45329
45340
45341
45351
45354
45355
45357
45358
45361
45362
45363
45366
45367
45369
45371
45372
45373
45374
45375
45376
45377
45378
45379
45381
45382
45383
45384
45385
45386
45387
45388
45389
45390
45391
45392
45393
45394
45395
45396
45397
45399
45400
45401
45402
45403
45404
45405
45406
45407
45408
45410
45411
45412
45413
45414
45416
45417
45418
45419
45420
45421
45422
45424
45426
45427
45428
45429
45430
45431
45432
45433
45434
45435
45436
45437
45438
45439
45440
45441
45442
45443
45444
45445
45446
45447
45448
45449
45450
45451
45452
45453
45454
45455
45457
45458
45459
45460
45461
45463
45464
45465
45466
45467
45468
45469
45470
45471
45472
45473
45474
45475
45476
45478
45479
45480
45481
45482
45484
45485
45486
45487
45488
45489
45490
45491
45492
45493
45494
45495
45496
45497
45499
45500
45501
45502
45503
45504
45505
45506
45508
45509
45510
45511
45512
45513
45516
45517
45518
45519
45522
45523
45524
45525
45526
45527
45528
45529
45530
45532
45534
45535
45536
45537
45539
45540
45541
45542
45543
45544
45545
45546
45547
45548
45549
45550
45551
45552
45553
45554
45555
45556
45557
45558
45559
45560
45561
45562
45563
45564
45565
45566
45567
45568
45572
45582
45583
45585
45586
45606
45608
45611
45616
45619
45623
45626
45627
45628
45629
45634
45635
45636
45638
45639
45640
45641
45642
45643
45645
45647
45650
45651
45652
45653
45654
45655
45657
45658
45659
45660
45661
45663
45664
45665
45666
45667
45668
45669
45670
45671
45672
45673
45674
45675
45676
45677
45678
45679
45680
45682
45683
45684
45685
45687
45688
45707
45708
45711
45712
45714
45715
45717
45719
45720
45724
45725
45727
45728
45729
45730
45732
45736
45744
45745
45746
45753
45754
45757
45759
45760
45761
45762
45764
45765
45768
45769
45770
45789
45795
45801
45802
45807
45808
45809
45824
45826
45834
45835
45836
45837
45854
45860
45861
45863
45871
45873
45875
45878
45879
45881
45882
45887
45889
45894
45895
45897
45902
45904
45909
45910
45911
45914
45915
45916
45920
45922
45923
45924
45929
45931
45932
45934
45935
45938
45940
45941
45945
45946
45947
45948
45949
45950
45951
45953
45954
45955
45960
45962
45963
45965
45967
45968
45972
45973
45975
45976
45978
45979
45980
45981
45982
45983
4598545302
45314
45322
45325
45327
45329
45340
45341
45351
45354
45355
45357
45358
45361
45362
45363
45366
45367
45369
45371
45372
45373
45374
45375
45376
45377
45378
45379
45381
45382
45383
45384
45385
45386
45387
45388
45389
45390
45391
45392
45393
45394
45395
45396
45397
45399
45400
45401
45402
45403
45404
45405
45406
45407
45408
45410
45411
45412
45413
45414
45416
45417
45418
45419
45420
45421
45422
45424
45426
45427
45428
45429
45430
45431
45432
45433
45434
45435
45436
45437
45438
45439
45440
45441
45442
45443
45444
45445
45446
45447
45448
45449
45450
45451
45452
45453
45454
45455
45457
45458
45459
45460
45461
45463
45464
45465
45466
45467
45468
45469
45470
45471
45472
45473
45474
45475
45476
45478
45479
45480
45481
45482
45484
45485
45486
45487
45488
45489
45490
45491
45492
45493
45494
45495
45496
45497
45499
45500
45501
45502
45503
45504
45505
45506
45508
45509
45510
45511
45512
45513
45516
45517
45518
45519
45522
45523
45524
45525
45526
45527
45528
45529
45530
45532
45534
45535
45536
45537
45539
45540
45541
45542
45543
45544
45545
45546
45547
45548
45549
45550
45551
45552
45553
45554
45555
45556
45557
45558
45559
45560
45561
45562
45563
45564
45565
45566
45567
45568
45572
45582
45583
45585
45586
45606
45608
45611
45616
45619
45623
45626
45627
45628
45629
45634
45635
45636
45638
45639
45640
45641
45642
45643
45645
45647
45650
45651
45652
45653
45654
45655
45657
45658
45659
45660
45661
45663
45664
45665
45666
45667
45668
45669
45670
45671
45672
45673
45674
45675
45676
45677
45678
45679
45680
45682
45683
45684
45685
45687
45688
45707
45708
45711
45712
45714
45715
45717
45719
45720
45724
45725
45727
45728
45729
45730
45732
45736
45744
45745
45746
45753
45754
45757
45759
45760
45761
45762
45764
45765
45768
45769
45770
45789
45795
45801
45802
45807
45808
45809
45824
45826
45834
45835
45836
45837
45854
45860
45861
45863
45871
45873
45875
45878
45879
45881
45882
45887
45889
45894
45895
45897
45902
45904
45909
45910
45911
45914
45915
45916
45920
45922
45923
45924
45929
45931
45932
45934
45935
45938
45940
45941
45945
45946
45947
45948
45949
45950
45951
45953
45954
45955
45960
45962
45963
45965
45967
45968
45972
45973
45975
45976
45978
45979
45980
45981
45982
45983
4598545302
45314
45322
45325
45327
45329
45340
45341
45351
45354
45355
45357
45358
45361
45362
45363
45366
45367
45369
45371
45372
45373
45374
45375
45376
45377
45378
45379
45381
45382
45383
45384
45385
45386
45387
45388
45389
45390
45391
45392
45393
45394
45395
45396
45397
45399
45400
45401
45402
45403
45404
45405
45406
45407
45408
45410
45411
45412
45413
45414
45416
45417
45418
45419
45420
45421
45422
45424
45426
45427
45428
45429
45430
45431
45432
45433
45434
45435
45436
45437
45438
45439
45440
45441
45442
45443
45444
45445
45446
45447
45448
45449
45450
45451
45452
45453
45454
45455
45457
45458
45459
45460
45461
45463
45464
45465
45466
45467
45468
45469
45470
45471
45472
45473
45474
45475
45476
45478
45479
45480
45481
45482
45484
45485
45486
45487
45488
45489
45490
45491
45492
45493
45494
45495
45496
45497
45499
45500
45501
45502
45503
45504
45505
45506
45508
45509
45510
45511
45512
45513
45516
45517
45518
45519
45522
45523
45524
45525
45526
45527
45528
45529
45530
45532
45534
45535
45536
45537
45539
45540
45541
45542
45543
45544
45545
45546
45547
45548
45549
45550
45551
45552
45553
45554
45555
45556
45557
45558
45559
45560
45561
45562
45563
45564
45565
45566
45567
45568
45572
45582
45583
45585
45586
45606
45608
45611
45616
45619
45623
45626
45627
45628
45629
45634
45635
45636
45638
45639
45640
45641
45642
45643
45645
45647
45650
45651
45652
45653
45654
45655
45657
45658
45659
45660
45661
45663
45664
45665
45666
45667
45668
45669
45670
45671
45672
45673
45674
45675
45676
45677
45678
45679
45680
45682
45683
45684
45685
45687
45688
45707
45708
45711
45712
45714
45715
45717
45719
45720
45724
45725
45727
45728
45729
45730
45732
45736
45744
45745
45746
45753
45754
45757
45759
45760
45761
45762
45764
45765
45768
45769
45770
45789
45795
45801
45802
45807
45808
45809
45824
45826
45834
45835
45836
45837
45854
45860
45861
45863
45871
45873
45875
45878
45879
45881
45882
45887
45889
45894
45895
45897
45902
45904
45909
45910
45911
45914
45915
45916
45920
45922
45923
45924
45929
45931
45932
45934
45935
45938
45940
45941
45945
45946
45947
45948
45949
45950
45951
45953
45954
45955
45960
45962
45963
45965
45967
45968
45972
45973
45975
45976
45978
45979
45980
45981
45982
45983
4598545302
45314
45322
45325
45327
45329
45340
45341
45351
45354
45355
45357
45358
45361
45362
45363
45366
45367
45369
45371
45372
45373
45374
45375
45376
45377
45378
45379
45381
45382
45383
45384
45385
45386
45387
45388
45389
45390
45391
45392
45393
45394
45395
45396
45397
45399
45400
45401
45402
45403
45404
45405
45406
45407
45408
45410
45411
45412
45413
45414
45416
45417
45418
45419
45420
45421
45422
45424
45426
45427
45428
45429
45430
45431
45432
45433
45434
45435
45436
45437
45438
45439
45440
45441
45442
45443
45444
45445
45446
45447
45448
45449
45450
45451
45452
45453
45454
45455
45457
45458
45459
45460
45461
45463
45464
45465
45466
45467
45468
45469
45470
45471
45472
45473
45474
45475
45476
45478
45479
45480
45481
45482
45484
45485
45486
45487
45488
45489
45490
45491
45492
45493
45494
45495
45496
45497
45499
45500
45501
45502
45503
45504
45505
45506
45508
45509
45510
45511
45512
45513
45516
45517
45518
45519
45522
45523
45524
45525
45526
45527
45528
45529
45530
45532
45534
45535
45536
45537
45539
45540
45541
45542
45543
45544
45545
45546
45547
45548
45549
45550
45551
45552
45553
45554
45555
45556
45557
45558
45559
45560
45561
45562
45563
45564
45565
45566
45567
45568
45572
45582
45583
45585
45586
45606
45608
45611
45616
45619
45623
45626
45627
45628
45629
45634
45635
45636
45638
45639
45640
45641
45642
45643
45645
45647
45650
45651
45652
45653
45654
45655
45657
45658
45659
45660
45661
45663
45664
45665
45666
45667
45668
45669
45670
45671
45672
45673
45674
45675
45676
45677
45678
45679
45680
45682
45683
45684
45685
45687
45688
45707
45708
45711
45712
45714
45715
45717
45719
45720
45724
45725
45727
45728
45729
45730
45732
45736
45744
45745
45746
45753
45754
45757
45759
45760
45761
45762
45764
45765
45768
45769
45770
45789
45795
45801
45802
45807
45808
45809
45824
45826
45834
45835
45836
45837
45854
45860
45861
45863
45871
45873
45875
45878
45879
45881
45882
45887
45889
45894
45895
45897
45902
45904
45909
45910
45911
45914
45915
45916
45920
45922
45923
45924
45929
45931
45932
45934
45935
45938
45940
45941
45945
45946
45947
45948
45949
45950
45951
45953
45954
45955
45960
45962
45963
45965
45967
45968
45972
45973
45975
45976
45978
45979
45980
45981
45982
45983
4598545302
45314
45322
45325
45327
45329
45340
45341
45351
45354
45355
45357
45358
45361
45362
45363
45366
45367
45369
45371
45372
45373
45374
45375
45376
45377
45378
45379
45381
45382
45383
45384
45385
45386
45387
45388
45389
45390
45391
45392
45393
45394
45395
45396
45397
45399
45400
45401
45402
45403
45404
45405
45406
45407
45408
45410
45411
45412
45413
45414
45416
45417
45418
45419
45420
45421
45422
45424
45426
45427
45428
45429
45430
45431
45432
45433
45434
45435
45436
45437
45438
45439
45440
45441
45442
45443
45444
45445
45446
45447
45448
45449
45450
45451
45452
45453
45454
45455
45457
45458
45459
45460
45461
45463
45464
45465
45466
45467
45468
45469
45470
45471
45472
45473
45474
45475
45476
45478
45479
45480
45481
45482
45484
45485
45486
45487
45488
45489
45490
45491
45492
45493
45494
45495
45496
45497
45499
45500
45501
45502
45503
45504
45505
45506
45508
45509
45510
45511
45512
45513
45516
45517
45518
45519
45522
45523
45524
45525
45526
45527
45528
45529
45530
45532
45534
45535
45536
45537
45539
45540
45541
45542
45543
45544
45545
45546
45547
45548
45549
45550
45551
45552
45553
45554
45555
45556
45557
45558
45559
45560
45561
45562
45563
45564
45565
45566
45567
45568
45572
45582
45583
45585
45586
45606
45608
45611
45616
45619
45623
45626
45627
45628
45629
45634
45635
45636
45638
45639
45640
45641
45642
45643
45645
45647
45650
45651
45652
45653
45654
45655
45657
45658
45659
45660
45661
45663
45664
45665
45666
45667
45668
45669
45670
45671
45672
45673
45674
45675
45676
45677
45678
45679
45680
45682
45683
45684
45685
45687
45688
45707
45708
45711
45712
45714
45715
45717
45719
45720
45724
45725
45727
45728
45729
45730
45732
45736
45744
45745
45746
45753
45754
45757
45759
45760
45761
45762
45764
45765
45768
45769
45770
45789
45795
45801
45802
45807
45808
45809
45824
45826
45834
45835
45836
45837
45854
45860
45861
45863
45871
45873
45875
45878
45879
45881
45882
45887
45889
45894
45895
45897
45902
45904
45909
45910
45911
45914
45915
45916
45920
45922
45923
45924
45929
45931
45932
45934
45935
45938
45940
45941
45945
45946
45947
45948
45949
45950
45951
45953
45954
45955
45960
45962
45963
45965
45967
45968
45972
45973
45975
45976
45978
45979
45980
45981
45982
45983
4598545302
45314
45322
45325
45327
45329
45340
45341
45351
45354
45355
45357
45358
45361
45362
45363
45366
45367
45369
45371
45372
45373
45374
45375
45376
45377
45378
45379
45381
45382
45383
45384
45385
45386
45387
45388
45389
45390
45391
45392
45393
45394
45395
45396
45397
45399
45400
45401
45402
45403
45404
45405
45406
45407
45408
45410
45411
45412
45413
45414
45416
45417
45418
45419
45420
45421
45422
45424
45426
45427
45428
45429
45430
45431
45432
45433
45434
45435
45436
45437
45438
45439
45440
45441
45442
45443
45444
45445
45446
45447
45448
45449
45450
45451
45452
45453
45454
45455
45457
45458
45459
45460
45461
45463
45464
45465
45466
45467
45468
45469
45470
45471
45472
45473
45474
45475
45476
45478
45479
45480
45481
45482
45484
45485
45486
45487
45488
45489
45490
45491
45492
45493
45494
45495
45496
45497
45499
45500
45501
45502
45503
45504
45505
45506
45508
45509
45510
45511
45512
45513
45516
45517
45518
45519
45522
45523
45524
45525
45526
45527
45528
45529
45530
45532
45534
45535
45536
45537
45539
45540
45541
45542
45543
45544
45545
45546
45547
45548
45549
45550
45551
45552
45553
45554
45555
45556
45557
45558
45559
45560
45561
45562
45563
45564
45565
45566
45567
45568
45572
45582
45583
45585
45586
45606
45608
45611
45616
45619
45623
45626
45627
45628
45629
45634
45635
45636
45638
45639
45640
45641
45642
45643
45645
45647
45650
45651
45652
45653
45654
45655
45657
45658
45659
45660
45661
45663
45664
45665
45666
45667
45668
45669
45670
45671
45672
45673
45674
45675
45676
45677
45678
45679
45680
45682
45683
45684
45685
45687
45688
45707
45708
45711
45712
45714
45715
45717
45719
45720
45724
45725
45727
45728
45729
45730
45732
45736
45744
45745
45746
45753
45754
45757
45759
45760
45761
45762
45764
45765
45768
45769
45770
45789
45795
45801
45802
45807
45808
45809
45824
45826
45834
45835
45836
45837
45854
45860
45861
45863
45871
45873
45875
45878
45879
45881
45882
45887
45889
45894
45895
45897
45902
45904
45909
45910
45911
45914
45915
45916
45920
45922
45923
45924
45929
45931
45932
45934
45935
45938
45940
45941
45945
45946
45947
45948
45949
45950
45951
45953
45954
45955
45960
45962
45963
45965
45967
45968
45972
45973
45975
45976
45978
45979
45980
45981
45982
45983
45985