35221146364058000115550020000143891995080006
35221146364058000115550020000143911867774810
35221146364058000115550020000143951948767197
35221146364058000115550020000143971529646913
35221146364058000115550020000144011542409460
35221146364058000115550020000144031945450536
35221146364058000115550020000144051728396333
35221146364058000115550020000144071636279955
35221146364058000115550020000144111606480086
35221146364058000115550020000144131509063373
35221146364058000115550020000144151475595593
35221146364058000115550020000144171730179728
35221146364058000115550020000144191373682380
35221146364058000115550020000144271149971520
35221146364058000115550020000144291290804574
35221146364058000115550020000144351407342491
35221146364058000115550020000144371126944727
35221146364058000115550020000144391998927399
35221146364058000115550020000144431596843487
35221146364058000115550020000144501957927375
35221146364058000115550020000144561231607226
35221146364058000115550020000144581678069060
35221146364058000115550020000144621533150617
35221146364058000115550020000144641791576719
35221146364058000115550020000144661182155947
35221146364058000115550020000144681577803539
35221146364058000115550020000144701665276954
35221146364058000115550020000144721384674403
35221146364058000115550020000144781210262405
35221146364058000115550020000144821649812520
35221146364058000115550020000144831567493452
35221146364058000115550020000144851550160298
35221146364058000115550020000144871663152155
35221146364058000115550020000144911536612311
35221146364058000115550020000145031481479642
35221146364058000115550020000145071741226446
35221146364058000115550020000145091823741179
35221146364058000115550020000145211272054329
35221146364058000115550020000145291538955681
35221146364058000115550020000145351403525198
35221146364058000115550020000145371911401595
35221146364058000115550020000145391233830504
35221146364058000115550020000145451107314710
35221146364058000115550020000145551689406253
35221146364058000115550020000145571239228740
35221146364058000115550020000145611263729373
35221146364058000115550020000145631381439442
35221146364058000115550020000145671492283792
35221146364058000115550020000145711815628446
35221146364058000115550020000145751985394887
35221146364058000115550020000145821643944837
35221146364058000115550020000145851797965534
35221146364058000115550020000145891713345237
35221146364058000115550020000145931329278289
35221146364058000115550020000145951396588230
35221146364058000115550020000145971621092156
35221146364058000115550020000145991283074973
35221146364058000115550020000146031799146379
35221146364058000115550020000146051685946354
35221146364058000115550020000146071829782161
35221146364058000115550020000146111939222775
35221146364058000115550020000146131295952742
35221146364058000115550020000146151668893368
35221146364058000115550020000146251927096449
35221146364058000115550020000146351990826170
35221146364058000115550020000146371720071855
35221146364058000115550020000146391693421581
35221146364058000115550020000146491656916250
35221146364058000115550020000146511400389217
35221146364058000115550020000146531186481906
35221146364058000115550020000146571323073226
35221146364058000115550020000146591106692666
35221146364058000115550020000146611757035912
35221146364058000115550020000146631730737066
35221146364058000115550020000146651051398700
35221146364058000115550020000146691177631143
35221146364058000115550020000146711382974748
35221146364058000115550020000146751072595586
35221146364058000115550020000146771821116493
35221146364058000115550020000146791089749432
35221146364058000115550020000146851900213051
35221146364058000115550020000146891121326917
35221146364058000115550020000146911400428447
35221146364058000115550020000146951845205362
35221146364058000115550020000146971973102234
35221146364058000115550020000147011464704893
35221146364058000115550020000147091828927093
35221146364058000115550020000147131151311559
35221146364058000115550020000147171220351762
35221146364058000115550020000147331890796806
35221146364058000115550020000147451493158847
35221146364058000115550020000147471462121075
35221146364058000115550020000147491355282762
35221146364058000115550020000147511717158176
35221146364058000115550020000147541638428334
35221146364058000115550020000147571594232555
35221146364058000115550020000147591555692553
35221146364058000115550020000147611544924340
35221146364058000115550020000147631639640980
35221146364058000115550020000147681848392021
35221146364058000115550020000147701608784241
35221146364058000115550020000147721973563521
35221146364058000115550020000147741346429090
35221146364058000115550020000147771435802627
35221146364058000115550020000147781533383405
35221146364058000115550020000147801892871350
35221146364058000115550020000147821114836373
35221146364058000115550020000147841931334150
35221146364058000115550020000147881522570264
35221146364058000115550020000147901211822014
35221146364058000115550020000147921701272856
35221146364058000115550020000147941812919887
35221146364058000115550020000147961431523885
35221146364058000115550020000147981718373158
35221146364058000115550020000148001901811908
35221146364058000115550020000148021669480868
35221146364058000115550020000148041536484840
35221146364058000115550020000148071268081284
35221146364058000115550020000148081395740802
35221146364058000115550020000148101214801152
35221146364058000115550020000148121873411506
35221146364058000115550020000148161862383408
35221146364058000115550020000148181981229873
35221146364058000115550020000148201690301363
35221146364058000115550020000148221212969537
35221146364058000115550020000148241853697510
35221146364058000115550020000148261449928799
35221146364058000115550020000148301419429002
35221146364058000115550020000148341427822370
35221146364058000115550020000148361392373463
35221146364058000115550020000148401528663738
35221146364058000115550020000148421571746431
35221146364058000115550020000148441557291621
35221146364058000115550020000148461142804870
35221146364058000115550020000148521486327019
35221146364058000115550020000148561385187130
35221146364058000115550020000148601188434480
35221146364058000115550020000148621499840336
35221146364058000115550020000148641568553730
35221146364058000115550020000148661449239832
35221146364058000115550020000148721394697556
35221146364058000115550020000148741319284449
35221146364058000115550020000148901948618362
35221146364058000115550020000148921132791736
35221146364058000115550020000148941795207824
35221146364058000115550020000148961821415632
35221146364058000115550020000148981604413970
35221146364058000115550020000149001526433921
35221146364058000115550020000149041549903036
35221146364058000115550020000149061710431727
35221146364058000115550020000149081471071266
35221146364058000115550020000149121579248437
35221146364058000115550020000149141196736999
35221146364058000115550020000149161555953920
35221146364058000115550020000149181616762988
35221146364058000115550020000149221287554348
35221146364058000115550020000149241080826777
35221146364058000115550020000149281747506671
35221146364058000115550020000149321775937960
35221146364058000115550020000149361872166416
35221146364058000115550020000149401341834372
35221146364058000115550020000149421489336441
35221146364058000115550020000149481181608726
35221146364058000115550020000149501083817604
35221146364058000115550020000149521947556821
35221146364058000115550020000149561975654238
35221146364058000115550020000149581970906861
35221146364058000115550020000149621425891587
35221146364058000115550020000149681681116108
35221146364058000115550020000149711153356791
35221146364058000115550020000149731135377019
35221146364058000115550020000149741492167390
35221146364058000115550020000149761637117740
35221146364058000115550020000149781042345580
35221146364058000115550020000149801660566800
35221146364058000115550020000149841648651826
35221146364058000115550020000149861931732461
35221146364058000115550020000149921051056217
35221146364058000115550020000149941196251422
35221146364058000115550020000149961546498043
35221146364058000115550020000150021279949749
35221146364058000115550020000150041004419182
35221146364058000115550020000150081370405539
35221146364058000115550020000150101702213161
35221146364058000115550020000150221934414779
35221146364058000115550020000150261627158561
35221146364058000115550020000150281252028479
35221146364058000115550020000150301895693236
35221146364058000115550020000150321567019363
35221146364058000115550020000150341075370312
35221146364058000115550020000150431957299283
35221146364058000115550020000150441885165348
35221146364058000115550020000150481679351254
35221146364058000115550020000150501307026716
35221146364058000115550020000150521449856942
35221146364058000115550020000150541022774977
35221146364058000115550020000150561531817873
35221146364058000115550020000150581698239959
35221146364058000115550020000150621905777570
35221146364058000115550020000150641289174394
35221146364058000115550020000150661392460404
35221146364058000115550020000150681458481654
35221146364058000115550020000150701893595836
35221146364058000115550020000150721983918876
35221146364058000115550020000150761530556947
35221146364058000115550020000150781567260906
35221146364058000115550020000150801278591480
35221146364058000115550020000150821125632908
35221146364058000115550020000150841993499079
35221146364058000115550020000150861711152569
35221146364058000115550020000150881290741002
35221146364058000115550020000150901852571110
35221146364058000115550020000150921315308385
35221146364058000115550020000150941067374477
35221146364058000115550020000150981879741597
35221146364058000115550020000151001624369943
35221146364058000115550020000151021978471533
35221146364058000115550020000151041799001529
35221146364058000115550020000151061688801220
35221146364058000115550020000151081988787006
35221146364058000115550020000151121694476065
35221146364058000115550020000151161467663521
35221146364058000115550020000151181836473250
35221146364058000115550020000151201932227913
35221146364058000115550020000151221269734250
35221146364058000115550020000151281211597296
35221146364058000115550020000151341227239448
35221146364058000115550020000151361833916885
35221146364058000115550020000151381776135829
35221146364058000115550020000151401558009927
35221146364058000115550020000151421890160643
35221146364058000115550020000151441155563968
35221146364058000115550020000151481736997559
35221146364058000115550020000151511518870366
35221146364058000115550020000151531751713051
35221146364058000115550020000151561484070873
35221146364058000115550020000151581738719242
35221146364058000115550020000151601742157065
35221146364058000115550020000151621519785412
35221146364058000115550020000151641662805353
35221146364058000115550020000151661113734796
35221146364058000115550020000151681324754619
35221146364058000115550020000151721278674274
35221146364058000115550020000151791082360880
35221146364058000115550020000151831009344341
35221146364058000115550020000151881320735728
35221146364058000115550020000151901442840435
35221146364058000115550020000151941089544290
35221146364058000115550020000151961790299837
35221146364058000115550020000152071576214090
35221146364058000115550020000152101932693212
35221146364058000115550020000152181386627169
35221146364058000115550020000152201667630420
35221146364058000115550020000152291017055141
35221146364058000115550020000152311533756644
35221146364058000115550020000152321073791368
35221146364058000115550020000152361382202811
35221146364058000115550020000152411986891574
35221146364058000115550020000152481945940938
35221146364058000115550020000152511473390498
35221146364058000115550020000152541754785854
35221146364058000115550020000152561404346562
35221146364058000115550020000152701153643587
35221146364058000115550020000152731446493432
35221146364058000115550020000152741477110800
35221146364058000115550020000152751256165803
35221146364058000115550020000152761806776513
35221146364058000115550020000152771568751893
35221146364058000115550020000152791957697169
35221146364058000115550020000152801562025428
35221146364058000115550020000152831960491595
35221146364058000115550020000152851018728157
35221146364058000115550020000152871146076556
35221146364058000115550020000152881706517428
35221146364058000115550020000152901567239961
35221146364058000115550020000152951796544122
35221146364058000115550020000152981601821972
35221146364058000115550020000152991497717881
35221146364058000115550020000153021177727484
35221146364058000115550020000153041880135506
35221146364058000115550020000153061114826077
35221146364058000115550020000153071694708781
35221146364058000115550020000153091157256770
35221146364058000115550020000153111549402149
35221146364058000115550020000153131420038824
35221146364058000115550020000153181234745628
35221146364058000115550020000153191703550937
35221146364058000115550020000153211600780679
35221146364058000115550020000153231515989342
35221146364058000115550020000153241756808556
35221146364058000115550020000153271028465916
35221146364058000115550020000153311300661506
35221146364058000115550020000153331386110966
35221146364058000115550020000153351913553430
35221146364058000115550020000153381001826873
35221146364058000115550020000153391775203004
35221146364058000115550020000153441547873455
35221146364058000115550020000153461220179344
35221146364058000115550020000153481752692172
35221146364058000115550020000153501282774087
35221146364058000115550020000153511493838295
35221146364058000115550020000153531537070626
35221146364058000115550020000153571932017529
35221146364058000115550020000153581267347040
35221146364058000115550020000153591396055565
35221146364058000115550020000153631889352152
35221146364058000115550020000153651007582337
35221146364058000115550020000153751016542853
35221146364058000115550020000153771163405499
35221146364058000115550020000153791495348253
35221146364058000115550020000153831858835782
35221146364058000115550020000153851908626205
35221146364058000115550020000153911120366253
35221146364058000115550020000153931891368167
35221146364058000115550020000153991091696791
35221146364058000115550020000154011718960223
35221146364058000115550020000154051469666156
35221146364058000115550020000154071160613431
35221146364058000115550020000154091521463671
35221146364058000115550020000154131191998600
35221146364058000115550020000154151488467631
35221146364058000115550020000154171244376968
35221146364058000115550020000154211662006409
35221146364058000115550020000154231449953263
35221146364058000115550020000154251871055088
35221146364058000115550020000154311524461310
35221146364058000115550020000154351184740004
35221146364058000115550020000154371658850365
35221146364058000115550020000154391011455994
35221146364058000115550020000154451969747797
35221146364058000115550020000154471186217270
35221146364058000115550020000154531106302892
35221146364058000115550020000154561139127307
35221146364058000115550020000154571655873162
35221146364058000115550020000154591597288198
35221146364058000115550020000154631280190170
35221146364058000115550020000154671588652054
35221146364058000115550020000154691971378436
35221146364058000115550020000155001451778504
35221146364058000115550020000155211325800903
35221146364058000115550020000156711689622910
35221146364058000115550020000156751522196851
35221146364058000115550020000156771705141783
35221146364058000115550020000156791020988203
35221146364058000115550020000156871541730001
35221146364058000115550020000157071148695900
35221146364058000115550020000157711223449460
35221146364058000115550020000158011123165755
35221146364058000115550020000158251892282344
35221146364058000115550020000158311203723265
35221146364058000115550020000158561869539179
35221146364058000115550020000158601639018048
35221146364058000115550020000158641275115343
35221146364058000115550020000158681952497934
35221146364058000115550020000158761992050100
35221146364058000115550020000158801240552937
35221146364058000115550020000158861848243865
35221146364058000115550020000158881460453030
35221146364058000115550020000158921236846795
35221146364058000115550020000158961549712908
35221146364058000115550020000158981369445507
35221146364058000115550020000159001777094340
35221146364058000115550020000159021790363389
35221146364058000115550020000159041428023242
35221146364058000115550020000159071221255952
35221146364058000115550020000159081924295815
35221146364058000115550020000159101808348159
35221146364058000115550020000159121582561056
35221146364058000115550020000159161521069673
35221146364058000115550020000159181501877078
35221146364058000115550020000159201269030979
35221146364058000115550020000159231654246341
35221146364058000115550020000159251645968296
35221146364058000115550020000159271136426805
35221146364058000115550020000159291739795068
35221146364058000115550020000159311927900033
35221146364058000115550020000159331866783827
35221146364058000115550020000159351073128910
35221146364058000115550020000159371069425810
35221146364058000115550020000159411243776620
35221146364058000115550020000159431726001890
35221146364058000115550020000159471619946113
35221146364058000115550020000159491839050059
35221146364058000115550020000159511114491111
35221146364058000115550020000159531514151339
35221146364058000115550020000159551239624540
35221146364058000115550020000159571935856257
35221146364058000115550020000159591478236914
35221146364058000115550020000159611027826464
35221146364058000115550020000159631049754290
35221146364058000115550020000159651452626593
35221146364058000115550020000159691070698829
35221146364058000115550020000159711563406467
35221146364058000115550020000159811534484460
35221146364058000115550020000159831019117708
35221146364058000115550020000159871825688359
35221146364058000115550020000159891982993129
35221146364058000115550020000159931064547054
35221146364058000115550020000159951421378600
35221146364058000115550020000159991719581768
35221146364058000115550020000160051946085477
35221146364058000115550020000160111751869301
35221146364058000115550020000160151646253982
35221146364058000115550020000160171763009683
35221146364058000115550020000160211364472544
35221146364058000115550020000160231781374913
35221146364058000115550020000160251331350406
35221146364058000115550020000160271559849888
35221146364058000115550020000160311016191035
35221146364058000115550020000160331290644739
35221146364058000115550020000160371857877355
35221146364058000115550020000160451178958388
35221146364058000115550020000160471694327722
35221146364058000115550020000160511094028255
35221146364058000115550020000160581315507364
35221146364058000115550020000160631953935492
35221146364058000115550020000160641051061844
35221146364058000115550020000160661131861981
35221146364058000115550020000160681646234167
35221146364058000115550020000160721461398999
35221146364058000115550020000160741127389183
35221146364058000115550020000160821772967568
35221146364058000115550020000160841503193347
35221146364058000115550020000160921881041751
35221146364058000115550020000160961899846122
35221146364058000115550020000160981503062353
35221146364058000115550020000161011668584019
35221146364058000115550020000161021876651413
35221146364058000115550020000161121572677575
35221146364058000115550020000161501612825066
35221146364058000115550020000161681070618039
35221146364058000115550020000161801072109101
35221146364058000115550020000161861975795855
35221146364058000115550020000161961682924704
35221146364058000115550020000162281955462518
35221146364058000115550020000162301805697950
35221146364058000115550020000162541232722014
35221146364058000115550020000162661753171130
35221146364058000115550020000162681329203491
35221146364058000115550020000162761020114603
35221146364058000115550020000162781518515411
35221146364058000115550020000162881090181505
35221146364058000115550020000162901640287325
35221146364058000115550020000162921593636220
35221146364058000115550020000162981769760703
35221146364058000115550020000163011555112058
35221146364058000115550020000163101693901731
35221146364058000115550020000163181893699519
35221146364058000115550020000163201581056203
35221146364058000115550020000163221128494312
35221146364058000115550020000163241039627940
35221146364058000115550020000163261390832075
35221146364058000115550020000163281879440780
35221146364058000115550020000163321579853941
35221146364058000115550020000163341606652276
35221146364058000115550020000163361009293017
35221146364058000115550020000163421408364233
35221146364058000115550020000163441178519197
35221146364058000115550020000163461956878126
35221146364058000115550020000163561389328872
35221146364058000115550020000163621580600660
35221146364058000115550020000163641092007743
35221146364058000115550020000163671179399955
35221146364058000115550020000163681531237739
35221146364058000115550020000163721861878579
35221146364058000115550020000163781635995059
35221146364058000115550020000163801871083899
35221146364058000115550020000163821182705960
35221146364058000115550020000163881978308071
35221146364058000115550020000163901883255297
35221146364058000115550020000163941252965061
35221146364058000115550020000163961364146300
35221146364058000115550020000164001141316676
35221146364058000115550020000164081664138224
35221146364058000115550020000164111535982148
35221146364058000115550020000164121938197292
35221146364058000115550020000164141749151729
35221146364058000115550020000164161790793351
35221146364058000115550020000164181745691388
35221146364058000115550020000164221812026070
35221146364058000115550020000164261074521710
35221146364058000115550020000164321915490603
35221146364058000115550020000164361119645878
35221146364058000115550020000164421827372540
35221146364058000115550020000164501511794579
35221146364058000115550020000164521984414638
35221146364058000115550020000164561704072781
35221146364058000115550020000164581428099522
35221146364058000115550020000164621564226215
35221146364058000115550020000164661199597297
35221146364058000115550020000164681868204800
35221146364058000115550020000164701195737615
35221146364058000115550020000164721780782763
35221146364058000115550020000164741966854408
35221146364058000115550020000164761882641181
35221146364058000115550020000164841897744315
35221146364058000115550020000164921888539048
35221146364058000115550020000165021383455813
35221146364058000115550020000165041749691161
35221146364058000115550020000165061962205508
35221146364058000115550020000165101453665252
35221146364058000115550020000165141030066109
35221146364058000115550020000165161087219634
35221146364058000115550020000165201323082172
35221146364058000115550020000165241051897650
35221146364058000115550020000165261890726585
35221146364058000115550020000165361437582034
35221146364058000115550020000165401025567812
35221146364058000115550020000165481930317882
35221146364058000115550020000165511357673846
35221146364058000115550020000165521444179081
35221146364058000115550020000165561125330229
35221146364058000115550020000165581370745228
35221146364058000115550020000165601427160809
35221146364058000115550020000165621679206174
35221146364058000115550020000165641351368446
35221146364058000115550020000165701192210158
35221146364058000115550020000165721390260962
35221146364058000115550020000165741690028083
35221146364058000115550020000165801362961929
35221146364058000115550020000165841175758812
35221146364058000115550020000165981945419513
35221146364058000115550020000166001102429792
35221146364058000115550020000166021274882767
35221146364058000115550020000166041412288304
35221146364058000115550020000166061108940697
35221146364058000115550020000166121664627067
35221146364058000115550020000166141654833572
35221146364058000115550020000166181810229818
35221146364058000115550020000166221752614931
35221146364058000115550020000166241738093568
35221146364058000115550020000166341966959337
35221146364058000115550020000166381747874599
35221146364058000115550020000166401665939539
35221146364058000115550020000166421680370503
35221146364058000115550020000166441581567800
35221146364058000115550020000166521593452826
35221146364058000115550020000166541711950418
35221146364058000115550020000166561920850577
35221146364058000115550020000166581242080180
35221146364058000115550020000166601796317313
35221146364058000115550020000166641180300937
35221146364058000115550020000166661093887667
35221146364058000115550020000166681222313380
35221146364058000115550020000166721586321331
35221146364058000115550020000166761144716020
35221146364058000115550020000166781105234219
35221146364058000115550020000166801097607650
35221146364058000115550020000166821785204641
35221146364058000115550020000166841791106685
35221146364058000115550020000166921011125032
35221146364058000115550020000166941760964171
35221146364058000115550020000166961356139193
35221146364058000115550020000166981573804491
35221146364058000115550020000167001807261200
35221146364058000115550020000167021061139124
35221146364058000115550020000167041307058103
35221146364058000115550020000167061798271923
35221146364058000115550020000167101577201623
35221146364058000115550020000167121960242714
35221146364058000115550020000167141733921313
35221146364058000115550020000167181009708091
35221146364058000115550020000167201864097387
35221146364058000115550020000167221847846452
35221146364058000115550020000167281934200929
35221146364058000115550020000167301042103572
35221146364058000115550020000167321676104631
35221146364058000115550020000167341656746276
35221146364058000115550020000167381557480048
35221146364058000115550020000167401206649382
35221146364058000115550020000167441082364712
35221146364058000115550020000167461253805364
35221146364058000115550020000167501803412036
35221146364058000115550020000167521132687171
35221146364058000115550020000167541690376780
35221146364058000115550020000167641263319312
35221146364058000115550020000167721971626770
35221146364058000115550020000167741432834819
35221146364058000115550020000167821756710661
35221146364058000115550020000167841349125080
35221146364058000115550020000167861270076354
35221146364058000115550020000167901017875280
35221146364058000115550020000167981301802281
35221146364058000115550020000168001205268393
35221146364058000115550020000168021353417847
35221146364058000115550020000168041957874636
35221146364058000115550020000168081694687961
35221146364058000115550020000168101800801058
35221146364058000115550020000168161451840570
35221146364058000115550020000168201246317235
35221146364058000115550020000168221154756288
35221146364058000115550020000168261335028429
35221146364058000115550020000168301810296022
35221146364058000115550020000168321136073405
35221146364058000115550020000168361547681823
35221146364058000115550020000168381019756453
35221146364058000115550020000168441551557122
35221146364058000115550020000168481742139553
35221146364058000115550020000168521830805850
35221146364058000115550020000168541591848817
35221146364058000115550020000168581484296666
35221146364058000115550020000168601222964830
35221146364058000115550020000168661456780399
35221146364058000115550020000168681520639200
35221146364058000115550020000168701705360374
35221146364058000115550020000168741349157550
35221146364058000115550020000168771942792856
35221146364058000115550020000168781604779769
35221146364058000115550020000168841327943680
35221146364058000115550020000168861154214113
35221146364058000115550020000168881114308006
35221146364058000115550020000168901976069580
35221146364058000115550020000168941263316407
35221146364058000115550020000168961496536056
35221146364058000115550020000169001684255322
35221146364058000115550020000169021182853520
35221146364058000115550020000169041248687929
35221146364058000115550020000169081142117745
35221146364058000115550020000169181683738596
35221146364058000115550020000169221491091023
35221146364058000115550020000169241865319820
35221146364058000115550020000169301399436038
35221146364058000115550020000169321586575296
35221146364058000115550020000169361428805214
35221146364058000115550020000169381226642769
35221146364058000115550020000169421027855137
35221146364058000115550020000169511708065020
35221146364058000115550020000169871475811585
35221146364058000115550020000169881927305590
35221146364058000115550020000169961738658323
35221146364058000115550020000169991564972712
35221146364058000115550020000170681036871664
35221146364058000115550020000170741669871637
35221146364058000115550020000170881174761557
35221146364058000115550020000171001815252837
35221146364058000115550020000171101261039429
35221146364058000115550020000171181320770560
35221146364058000115550020000171261081940977
35221146364058000115550020000171281637994345
35221146364058000115550020000171321972672489
35221146364058000115550020000171341949520621
35221146364058000115550020000171441899680520
35221146364058000115550020000171461956845787
35221146364058000115550020000171501924898101
35221146364058000115550020000171541629822794
35221146364058000115550020000171561008489828
35221146364058000115550020000171621950045189
35221146364058000115550020000171641867169180
35221146364058000115550020000171691787863389
35221146364058000115550020000171701523802602
35221146364058000115550020000171801284364487
35221146364058000115550020000171901195818926
35221146364058000115550020000171981353311302
35221146364058000115550020000172001462929390
35221146364058000115550020000172021318169435
35221146364058000115550020000172081403068820
35221146364058000115550020000172151552988275
35221146364058000115550020000172171359490982
35221146364058000115550020000172241107591797
35221146364058000115550020000172261910427721
35221146364058000115550020000172301007328188
35221146364058000115550020000172361362338946
35221146364058000115550020000172401352334495
35221146364058000115550020000172541323523280
35221146364058000115550020000172581484168058
35221146364058000115550020000172601949925074
35221146364058000115550020000172621722417559
35221146364058000115550020000172641040553606
35221146364058000115550020000172661328036990
35221146364058000115550020000172721720714463
35221146364058000115550020000172761359156854
35221146364058000115550020000172781778443334
35221146364058000115550020000172801496061467
35221146364058000115550020000172821321769163
35221146364058000115550020000172861337948398
35221146364058000115550020000172901532245905
35221146364058000115550020000172921927241060
35221146364058000115550020000172961767978981
35221146364058000115550020000172981092503071
35221146364058000115550020000173001666978816
35221146364058000115550020000173041503688478
35221146364058000115550020000173121253160210
35221146364058000115550020000173161812564049
35221146364058000115550020000173221025228630
35221146364058000115550020000173251733964132
35221146364058000115550020000173301814443060
35221146364058000115550020000173341902340040
35221146364058000115550020000174021834696819
35221146364058000115550020000174041109979510
35221146364058000115550020000174101645701256
35221146364058000115550020000174141855464179
35221146364058000115550020000174191728646533
35221146364058000115550020000174201312366912
35221146364058000115550020000174261802290061
35221146364058000115550020000174301258563111
35221146364058000115550020000174351767799802
35221146364058000115550020000174461803731188
35221146364058000115550020000174481857371885
35221146364058000115550020000174541503072938
35221146364058000115550020000174561872650457
35221146364058000115550020000174581646470430
35221146364058000115550020000174641186701716
35221146364058000115550020000174681246263174
35221146364058000115550020000174761415860613
35221146364058000115550020000175061050665507
35221146364058000115550020000175141521803876
35221146364058000115550020000175181174797619
35221146364058000115550020000175461754145735
35221146364058000115550020000175481053300917
35221146364058000115550020000175621273583615
35221146364058000115550020000175661812466546
35221146364058000115550020000175681676402132
35221146364058000115550020000175701786622593
35221146364058000115550020000175721546977189
35221146364058000115550020000175791538073773
35221146364058000115550020000175811785227333
35221146364058000115550020000175991043559100
35221146364058000115550020000176001427740750
35221146364058000115550020000176101337845096
35221146364058000115550020000176731124830911
35221146364058000115550020000176871555362904
35221146364058000115550020000177011764781900
35221146364058000115550020000177041320447260
35221146364058000115550020000177241463338697
35221146364058000115550020000177261407406792
35221146364058000115550020000177301640845046
35221146364058000115550020000177801493004613
35221146364058000115550020000177841194013318
35221146364058000115550020000178141899740351
35221146364058000115550020000178161590710777
35221146364058000115550020000178221098987741
35221146364058000115550020000178241608723958
35221146364058000115550020000178861126428680
35221146364058000115550020000179021608067366
35221146364058000115550020000179061774738304
35221146364058000115550020000179101762577281
35221146364058000115550020000179321375816727
35221146364058000115550020000179421162008344
35221146364058000115550020000179521492645506
35221146364058000115550020000179621517250476
35221146364058000115550020000179641980227801
35221146364058000115550020000179701014176847
35221146364058000115550020000179781074303096
35221146364058000115550020000179901918911532
35221146364058000115550020000179961007831416
35221146364058000115550020000180061296110169
35221146364058000115550020000180081885051897
35221146364058000115550020000180161079838195
35221146364058000115550020000180371688197734
35221146364058000115550020000180441761435207
35221146364058000115550020000180701995903886
35221146364058000115550020000180741921750635
35221146364058000115550020000180821280019630
35221146364058000115550020000180901992152394
35221146364058000115550020000180921828307890
35221146364058000115550020000180971989184079
35221146364058000115550020000181081886700835
35221146364058000115550020000181161185139276
35221146364058000115550020000181181113331140
35221146364058000115550020000181201626975294
35221146364058000115550020000181361272347155
35221146364058000115550020000181401986404488
35221146364058000115550020000181421320212185
35221146364058000115550020000181461965698087
35221146364058000115550020000181481697568129
35221146364058000115550020000181641183550464
35221146364058000115550020000181681125672640
35221146364058000115550020000181701560620231
35221146364058000115550020000181801696973914
35221146364058000115550020000181841007375445
35221146364058000115550020000181861321639926
35221146364058000115550020000181921281635310
35221146364058000115550020000182041500620510
35221146364058000115550020000182061118905310
35221146364058000115550020000182081018537267
35221146364058000115550020000182161793473917
35221146364058000115550020000182181804719911
35221146364058000115550020000182201971813584
35221146364058000115550020000182341362580356
35221146364058000115550020000182411546948873
35221146364058000115550020000182421411156259
35221146364058000115550020000182471467192419
35221146364058000115550020000182521093837742
35221146364058000115550020000182581908761340
35221146364058000115550020000182701845294770
35221146364058000115550020000182721116818776
35221146364058000115550020000182861070750126
35221146364058000115550020000182921011094991
35221146364058000115550020000183001053146780
35221146364058000115550020000183021465337707
35221146364058000115550020000183141236664239
35221146364058000115550020000183181461505893
35221146364058000115550020000183221868048056
35221146364058000115550020000183261534410619
35221146364058000115550020000183301694962736
35221146364058000115550020000186481402210420
35221146364058000115550020000186521456285625
35221146364058000115550020000186581935900285
35221146364058000115550020000186601533585324
35221146364058000115550020000186621366019116
35221146364058000115550020000186681943202415
35221146364058000115550020000186741118543460
35221146364058000115550020000186761922990963
35221146364058000115550020000186781789380696
35221146364058000115550020000186821373521363
35221146364058000115550020000186841275262074
35221146364058000115550020000186901819495326
35221146364058000115550020000186921693612285
35221146364058000115550020000186941892227823
35221146364058000115550020000186961632118638
35221146364058000115550020000186981309196104
35221146364058000115550020000187021002443881
35221146364058000115550020000187041278866188
35221146364058000115550020000187061599690518
35221146364058000115550020000187081349968394
35221146364058000115550020000187101293069940
35221146364058000115550020000187121909780240
35221146364058000115550020000187141600565620
35221146364058000115550020000187161456236046
35221146364058000115550020000187181856924610
35221146364058000115550020000187261147580490
35221146364058000115550020000187301633883641
35221146364058000115550020000187321904739228
35221146364058000115550020000187401439757748
35221146364058000115550020000187421762273158
35221146364058000115550020000187441459056701
35221146364058000115550020000187501575557786
35221146364058000115550020000187521242595521
35221146364058000115550020000187561160951510
35221146364058000115550020000187581172504712
35221146364058000115550020000187601370536139
35221146364058000115550020000187621246733321
35221146364058000115550020000187681953134280
35221146364058000115550020000187691154567329
35221146364058000115550020000187711304192447
35221146364058000115550020000187741177133686
35221146364058000115550020000187751041433995
35221146364058000115550020000187861198131926
35221146364058000115550020000187901821373432
35221146364058000115550020000187951247750859
35221146364058000115550020000187991357634674
35221146364058000115550020000188011077648578
35221146364058000115550020000188031263392680
35221146364058000115550020000188071713045593
35221146364058000115550020000188091546378541
35221146364058000115550020000188101418796821
35221146364058000115550020000188121368441310
35221146364058000115550020000188151809351794
35221146364058000115550020000188191393563468
35221146364058000115550020000188201882666830
35221146364058000115550020000188291684416166
35221146364058000115550020000188301064106293
35221146364058000115550020000188321249570659
35221146364058000115550020000188411777968252
35221146364058000115550020000188421584720663
35221146364058000115550020000188441354567957
35221146364058000115550020000188461081906820
35221146364058000115550020000188481060193099
35221146364058000115550020000188501026640353
35221146364058000115550020000188561510964572
35221146364058000115550020000188581354251343
35221146364058000115550020000188601035117567
35221146364058000115550020000188621139939266
35221146364058000115550020000188681770334960
35221146364058000115550020000188741102261313
35221146364058000115550020000188761742470083
35221146364058000115550020000188781500394649
35221146364058000115550020000188801604109345
35221146364058000115550020000188821187774320
35221146364058000115550020000188841261746440
35221146364058000115550020000189061632173611
35221146364058000115550020000189101442141100
35221146364058000115550020000189121638107103
35221146364058000115550020000189141327692483
35221146364058000115550020000189161927735366
35221146364058000115550020000189241713563655
35221146364058000115550020000189281169311307
35221146364058000115550020000189341342525420
35221146364058000115550020000189381304733479
35221146364058000115550020000189441037186770
35221146364058000115550020000189481407469509
35221146364058000115550020000189521866285877
35221146364058000115550020000189561787543538
35221146364058000115550020000189601186758567
35221146364058000115550020000189621992137039
35221146364058000115550020000189641079069228
35221146364058000115550020000189681016426308
35221146364058000115550020000189701717776923
35221146364058000115550020000189721840674887
35221146364058000115550020000189741702940462
35221146364058000115550020000189761965841613
35221146364058000115550020000189781746771240
35221146364058000115550020000189801182257841
35221146364058000115550020000189821430841364
35221146364058000115550020000189841473441478
35221146364058000115550020000189861088409890
35221146364058000115550020000189881152099561
35221146364058000115550020000189911968301772
35221146364058000115550020000189921198611578
35221146364058000115550020000189941812265703
35221146364058000115550020000190021842464821
35221146364058000115550020000190061804874553
35221146364058000115550020000190081788125746
35221146364058000115550020000190101494973640
35221146364058000115550020000190141801524367
35221146364058000115550020000190181904779219
